%Comentarios:
%Largo de la muestra: 13.0
%Ancho de la muestra: 5.0
%Espesor de la muestra: 0.5
%Dispositivos y canales utilizados: 
%	 Temperatura de la superior: USB TEMP AI
%		Canal: 1
%	 Temperatura de la muestra: AG_34410A
%		 Canal: USB0::2391::1560::my50279055::0
%	 Temperatura inferior: USB TEMP AI
%		 Canal: 2
%	 Extensometro: USB TEMP AI
%		 Canal: 3
%	 Celda de carga: USB TEMP AI
%		 Canal: 1
%
% Datos por segundo: 1
%
%Tiempo 	 Temperarura inferior 	 Temperatura de la muestra 	 Temperatura superior 	 Extensometro 	 Celda de carga 
%
0.46799993515	22.035572052	19.8106062231	20.7459621429	-0.25794980526	17.6526105404
1.63899993896	21.7625865936	19.8106062231	20.733921051	-0.25786190033	17.627748251
2.8109998703	21.7431430817	19.8601872839	20.7441005707	-0.257889509201	17.6116466522
3.98300004005	21.6154155731	19.8106062231	20.7505836487	-0.257939100266	17.6580440998
5.15899991989	21.9615402222	19.8106062231	20.7311286926	-0.257884144783	17.6427662373
6.33399987221	21.9106445312	19.8106062231	20.7274246216	-0.25796918869	17.6300704479
7.51099991798	21.7542362213	19.8106062231	20.7366771698	-0.257932376862	17.6375591755
8.68499994278	21.8800945282	19.8106062231	20.7375965118	-0.257876324654	17.6552963257
9.87400007248	21.7088680267	19.8106062231	20.7533302307	-0.257938694954	17.615596056
11.0669999123	21.6153850555	19.8106062231	20.7366580963	-0.257939100266	17.6533997059
12.2369999886	21.8735904694	19.8106062231	20.7718467712	-0.257909154892	17.6553094387
13.3980000019	22.0725326538	19.8353970751	20.7496166229	-0.257935118675	17.6426005363
14.5690000057	21.620929718	19.8601872839	20.7496166229	-0.257925081253	17.6331341267
15.7349998951	21.6551761627	19.8353970751	20.7347984314	-0.257914376259	17.6353394985
16.9179999828	21.9994392395	19.8353970751	20.73387146	-0.257920694351	17.6330661774
18.1119999886	21.7486572266	19.8601872839	20.7208995819	-0.25789308548	17.6449990273
19.2979998589	21.7356967926	19.8353970751	20.7273864746	-0.257931947708	17.6235926151
20.4630000591	22.0549526215	19.8106062231	20.7208995819	-0.257847070694	17.6346182823
21.6429998875	22.0845603943	19.8353970751	20.7042274475	-0.257906413078	17.6498758793
22.8239998817	22.0891857147	19.8601872839	20.6921863556	-0.257883191109	17.6024472713
23.9960000515	21.6875705719	19.8601872839	20.6940422058	-0.257816028595	17.6828575134
25.1700000763	21.807888031	19.8353970751	20.6681003571	-0.257889795303	17.6089048386
26.3469998837	22.0438594818	19.8353970751	20.6708869934	-0.257714653015	17.6003181934
27.5190000534	21.8837909698	19.8353970751	20.6440372467	-0.257901334763	17.8176689148
28.6930000782	22.0299892426	19.8353970751	20.6477375031	-0.258237862587	17.3725736141
29.868999958	21.7949485779	19.8353970751	20.634759903	-0.257359957695	17.8955364227
31.0399999619	21.6709213257	19.7858147276	20.6375389099	-0.25808236599	17.6932311058
32.2089998722	22.0031490326	19.8353970751	20.6375389099	-0.257559704781	17.5444400311
33.3919999599	21.646856308	19.8106062231	20.6291999817	-0.257714223862	17.7106797695
34.5639998913	21.7477397919	19.8353970751	20.6329078674	-0.257874274254	17.5572240353
35.7369999886	21.991109848	19.8106062231	20.6477184296	-0.257678246498	17.6020419598
36.9129998684	21.791229248	19.8353970751	20.6338176727	-0.257920408249	17.7023601532
38.0850000381	21.4996528625	19.8353970751	20.6365852356	-0.25775475502	17.5676047802
39.257999897	21.9827651978	19.8106062231	20.6495571136	-0.257763266563	17.7196860313
40.4349999428	21.9809169769	19.8106062231	20.637512207	-0.257759141922	17.6255023479
41.626999855	21.8282356262	19.8353970751	20.6088027954	-0.257720828056	17.6553237438
42.7990000248	22.1132335663	19.8353970751	20.6254711151	-0.257843089104	17.6297545433
43.9689998627	22.0882453918	19.8601872839	20.6263866425	-0.257852554321	17.6385200024
45.1510000229	22.0650978088	19.8353970751	20.6569538116	-0.257676172256	17.5978314877
46.3420000076	22.0974845886	19.8353970751	20.638425827	-0.257782506943	17.678797245
47.513999939	21.678276062	19.8601872839	20.6476802826	-0.257993078232	17.6491892338
48.6900000572	21.6523532867	19.8353970751	20.6634216309	-0.257682490349	17.5843119621
49.8629999161	21.8568763733	19.8353970751	20.6884155273	-0.257998847961	17.6727592945
51.0569999218	22.1612854004	19.8106062231	20.6791534424	-0.257928800583	17.6735770702
52.2230000496	21.7402610779	19.8353970751	20.6661815643	-0.257720279694	17.6181042194
53.3929998875	22.0400791168	19.8106062231	20.6930427551	-0.257924127579	17.7118480206
54.5780000687	22.1029834747	19.8353970751	20.6745052338	-0.257829213142	17.6375102997
55.7709999084	22.0678215027	19.8601872839	20.6856117249	-0.257870841026	17.6215314865
56.9419999123	21.9234714508	19.7858147276	20.7013626099	-0.257943916321	17.7132284641
58.125	21.7939147949	19.8353970751	20.7152462006	-0.257785248756	17.5562357903
59.2950000763	22.065952301	19.8106062231	20.7189464569	-0.257766008377	17.5587356091
60.4630000591	22.0983276367	19.8601872839	20.7504310608	-0.257908058167	17.7201390266
61.6340000629	21.705039978	19.8353970751	20.7606182098	-0.25770213604	17.5822305679
62.8150000572	21.8198013306	19.8106062231	20.7430210114	-0.25787935257	17.690448761
64.0090000629	22.1704807281	19.8353970751	20.7652435303	-0.25782892704	17.6680254936
65.1819999218	22.1362476349	19.8106062231	20.7531986237	-0.25791053772	17.6046872139
66.3580000401	21.7836990356	19.8353970751	20.7393054962	-0.257995557785	17.6301193237
67.5299999714	22.0122776031	19.8353970751	20.7198600769	-0.257952570915	17.6727175713
68.7230000496	22.0622329712	19.8106062231	20.7300395966	-0.257841444016	17.6291775703
69.8949999809	22.1103382111	19.8106062231	20.7355976105	-0.257963967323	17.6332724094
71.0690000057	21.7642555237	19.8106062231	20.7744903564	-0.257853102684	17.6575148106
72.243999958	21.751291275	19.8353970751	20.7568893433	-0.257841992378	17.6074492931
73.4140000343	22.1195793152	19.8106062231	20.7605934143	-0.257933473587	17.6256811619
74.5829999447	22.1020011902	19.8601872839	20.7531814575	-0.257843899727	17.6616716385
75.7660000324	22.1084728241	19.8353970751	20.7809715271	-0.257914090157	17.6190376282
76.9589998722	22.0307540894	19.8353970751	20.7754154205	-0.257930850983	17.6235032082
78.1319999695	22.1131038666	19.8353970751	20.8189506531	-0.257851862907	17.6563680172
79.2999999523	22.0427837372	19.8849768496	20.8096847534	-0.257903528214	17.6222467422
80.4819998741	22.0057830811	19.8849768496	20.8050613403	-0.257872343063	17.6484262943
81.6540000439	22.1584453583	19.8849768496	20.8189563751	-0.257848310471	17.653028965
82.8229999542	22.3101673126	19.8849768496	20.8291473389	-0.257872486115	17.6338970661
84.003000021	21.9780330658	19.959341692	20.8087768555	-0.257840871811	17.6454246044
85.1740000248	21.9132614136	19.9097657727	20.8430557251	-0.257817268372	17.6443660259
86.3459999561	22.3675289154	19.9097657727	20.9208469391	-0.257832503319	17.6424562931
87.5249998569	22.595041275	19.9841286888	21.0217876434	-0.257810664177	17.6378750801
88.6940000057	22.6532993317	20.0337007583	21.134759903	-0.257810664177	17.6400661469
89.8589999676	22.6986103058	20.0584858315	21.1690235138	-0.257779216766	17.6406908035
91.0190000534	22.8095722198	20.1328372085	21.2458744049	-0.257777428627	17.6426076889
92.1919999123	23.0407085419	20.1824015941	21.3292064667	-0.257747340202	17.6437485218
93.375	23.1987743378	20.207182828	21.4125232697	-0.257747483253	17.6379156113
94.5490000248	22.7799816132	20.2567433795	21.4958381653	-0.257718348503	17.6407527924
95.7179999352	23.3512649536	20.3558568258	21.6309776306	-0.257689380646	17.6401007175
96.8980000019	23.5832099915	20.4549600786	21.7818374634	-0.257681274414	17.6385545731
98.0709998608	23.4714012146	20.5292808401	21.8438415527	-0.257657504082	17.6400458813
99.2400000095	23.8760757446	20.5788248387	22.0141067505	-0.257627558708	17.6387751102
100.420000076	24.0109348297	20.677905225	22.1769428253	-0.257598423958	17.6388299465
101.592000008	24.1466960907	20.8017414614	22.3083057404	-0.257597064972	17.638156414
102.763999939	24.4588012695	20.9503240987	22.4516792297	-0.257564377785	17.6379156113
103.941999912	24.6600475311	21.0493665854	22.6052036285	-0.257556533813	17.641453743
105.134000063	24.8815689087	21.1236418462	22.756860733	-0.25756354332	17.6385545731
106.303999901	25.032907486	21.1979114551	22.9898433685	-0.257535791397	17.6374351978
107.473999977	25.0624294281	21.3711852738	23.1035461426	-0.257536745071	17.6377093792
108.655999899	25.5679645538	21.5196813086	23.3651123047	-0.257505297661	17.6401078701
109.826999903	25.6297531128	21.6681549042	23.5859642029	-0.257505297661	17.6366102695
110.997999907	26.0668125153	21.8166061241	23.8243198395	-0.257504463196	17.6370096207
112.177000046	26.1267299652	21.9650350313	24.0247631073	-0.257504343987	17.6393651962
113.349999905	26.3147678375	22.113441689	24.2556400299	-0.257504343987	17.6310122013
114.523999929	26.4926319122	22.2618261605	24.4624614716	-0.257505297661	17.6328802109
115.698999882	26.8215579987	22.4349134203	24.5612449646	-0.257511210442	17.6429855824
116.874000072	26.8970928192	22.5585287969	24.8390789032	-0.257533192635	17.635614872
118.039000034	27.2977275848	22.7809980044	25.094701767	-0.257532906532	17.6318085194
119.221999884	27.5720920563	22.9539955289	25.3622531891	-0.257563138008	17.6399421692
120.394999981	27.7819633484	23.1516706098	25.6592502594	-0.257595419884	17.6381218433
121.569999933	27.9733886719	23.3246045891	25.9229736328	-0.257610106468	17.6344335079
122.744999886	27.7028007507	23.5222073092	26.1359348297	-0.257628250122	17.6384174824
123.909999847	27.8970088959	23.6950782024	26.2087574005	-0.257655978203	17.640182972
125.073999882	28.3248634338	23.8679198124	26.4806423187	-0.257718491554	17.630853653
126.322000027	28.5778083801	24.0654173521	26.7008571625	-0.257747483253	17.6327359676
127.491999865	28.8159866333	24.3122359016	27.0020961761	-0.257809972763	17.6385617256
128.667999983	28.9217243195	24.4602986764	27.272851944	-0.257870149612	17.6377093792
129.842999935	29.0752544403	24.6823531279	27.5371017456	-0.257901883125	17.6348245144
131.036999941	29.3454875946	24.8796950093	27.7810344696	-0.257961630821	17.6356971264
132.200000048	29.252658844	25.0769995367	28.0120277405	-0.258021664619	17.6361644268
133.365999937	29.1883163452	25.2742668588	28.2107715607	-0.258080863953	17.6327633858
134.526000023	29.6983356476	25.4961483093	28.3340530396	-0.258143496513	17.6336359978
135.694999933	29.899520874	25.6933370636	28.556646347	-0.258204770088	17.6355528831
136.86500001	30.1713790894	25.84120451	28.7810401917	-0.258264255524	17.6338624954
138.030999899	30.3834953308	26.0629670664	29.0108966827	-0.258356833458	17.6316714287
139.21600008	30.5735301971	26.2846834748	29.222322464	-0.258445715904	17.6369678974
140.388999939	30.5138607025	26.5063539466	29.4484100342	-0.25848004818	17.6368510723
141.559000015	30.7047920227	26.654108845	29.6487216949	-0.258570432663	17.6330113411
142.739000082	30.5983161926	26.875703225	29.7451915741	-0.258631825447	17.6351952553
143.930999994	30.3724784851	27.023407591	29.9022750854	-0.258693647385	17.6316165924
145.105000019	31.0966472626	27.2449264656	30.0767879486	-0.258764815331	17.6353538036
146.280999899	31.1948184967	27.3925806901	30.2907524109	-0.258876609802	17.6351606846
147.460000038	31.6075820923	27.5894219712	30.4872322083	-0.258957123756	17.6352715492
148.647000074	31.8258228302	27.7862279387	30.7387466431	-0.259024691582	17.6363706589
149.815000057	31.9294281006	27.9584043084	30.9479923248	-0.259118247032	17.6286482811
150.987999916	32.1219367981	28.1551444618	31.0324134827	-0.259212470055	17.6392424107
152.167999983	31.8799171448	28.3518497271	31.2333393097	-0.259271144867	17.6351547241
153.361000061	32.0348548889	28.5239383316	31.4085483551	-0.259333777428	17.6314926147
154.553999901	32.2832489014	28.7205785806	31.5681362152	-0.259408354759	17.6327705383
155.726000071	32.7917785645	28.8680361431	31.7652950287	-0.259546542168	17.630469799
156.898000002	33.1004371643	29.0400455485	31.9780025482	-0.259636259079	17.6339662075
158.075999975	33.454788208	29.2365956482	32.1796646118	-0.259712767601	17.6325297356
159.261999846	33.5252685547	29.3839858535	32.3886299133	-0.259849572182	17.6407873631
160.427999973	33.798034668	29.5804764196	32.4546089172	-0.259910702705	17.6358139515
161.602999926	34.0634002686	29.8014878932	32.6515960693	-0.260003304482	17.6382315159
162.789999962	33.1050186157	29.9733562516	32.809173584	-0.26006166935	17.629878521
163.983999968	34.1027450562	30.1451989459	32.9740409851	-0.260151100159	17.6313686371
165.154999971	34.5134620667	30.3170160749	33.1544532776	-0.260242724419	17.63017416
166.333999872	34.7439117432	30.464267627	33.3513221741	-0.260337376595	17.6331067085
167.504999876	34.9093971252	30.6360375402	33.5444869995	-0.260457420349	17.6357936859
168.674999952	35.2211112976	30.8568474354	33.7257194519	-0.26054713726	17.6296722889
169.845999956	35.6021614075	30.9795016177	33.8419456482	-0.260624337196	17.6312184334
171.02699995	35.3837890625	31.2002469183	34.0039138794	-0.260700845718	17.6309156418
172.220999956	34.9916763306	31.3473875187	34.1740913391	-0.260808253288	17.6325237751
173.411999941	34.9011726379	31.494509845	34.3222885132	-0.260854959488	17.6357316971
174.662999868	35.186378479	31.6661295458	34.4805297852	-0.260943698883	17.6345908642
175.849999905	36.4780006409	31.8377245571	34.6606864929	-0.261066651344	17.6341998577
177.010999918	36.4990005493	31.9602773611	34.8481369019	-0.261155939102	17.6320290565
178.18599987	36.6815643311	32.1563358412	35.0620574951	-0.261250710487	17.6294529438
179.375999928	36.9307098389	32.3278608558	35.2311515808	-0.261341786385	17.6319670677
180.569999933	37.2099151611	32.4993615621	35.3243751526	-0.261463212967	17.6302492619
181.763000011	37.5601806641	32.6463428949	35.5135307312	-0.261525034904	17.632035017
182.955999851	36.1694068909	32.8177987192	35.6926078796	-0.261586165428	17.6296651363
184.149999857	37.0584640503	32.9402524495	35.8387718201	-0.261697983742	17.6319396496
185.342000008	37.9367790222	33.1116671467	36.0059242249	-0.261770653725	17.6364183426
186.513999939	38.2877349854	33.2830579871	36.1894798279	-0.261860752106	17.6343369484
187.690999985	38.2485389709	33.4544250694	36.4022293091	-0.261936855316	17.6371324062
188.866999865	38.5674972534	33.6012923053	36.6121902466	-0.262074232101	17.6266765594
190.036000013	38.803478241	33.7726155274	36.729927063	-0.262136459351	17.6262235641
191.210999966	38.7151184082	33.9439152736	36.9736022949	-0.262227797508	17.6346457005
192.388000011	37.7371101379	34.1151916425	37.1533508301	-0.262317347527	17.6272952557
193.576999903	37.4954338074	34.2864447329	37.3294143677	-0.262397861481	17.6349341869
194.747999907	39.4246139526	34.433214643	37.4799194336	-0.262494564056	17.6374149323
195.924000025	39.2270050049	34.6533377129	37.6568374634	-0.262545800209	17.6331961155
197.099999905	39.5830154419	34.7756118878	37.8674812317	-0.262651443481	17.6341927052
198.273000002	39.8351516724	34.9467761141	38.0944786072	-0.262725758553	17.6323795319
199.441999912	39.9516525269	35.1179175412	38.213886261	-0.262805557251	17.6317954063
200.621999979	39.5675392151	35.3134799528	38.4362678528	-0.262896490097	17.630751133
201.789999962	39.9352684021	35.4601323926	38.5993766785	-0.262986326218	17.6317882538
202.958999872	38.7060012817	35.6312060143	38.7916145325	-0.263047599792	17.6285040379
204.144000053	38.4854888916	35.8266912965	38.9482879639	-0.2631077528	17.6273989677
205.336999893	40.1127166748	35.9488548033	39.1158752441	-0.263200616837	17.6317191124
206.507999897	40.5284919739	36.119864674	39.3389892578	-0.263323020935	17.6287174225
207.750999928	40.4457168579	36.315277443	39.5675163269	-0.263384819031	17.6313626766
208.930999994	40.409324646	36.486240029	39.6667404175	-0.263477277756	17.6296031475
210.108999968	40.8086166382	36.6571807038	39.8833732605	-0.263598704338	17.6322138309
211.30099988	40.960483551	36.8525147715	40.0844955444	-0.263689088821	17.6331007481
212.493999958	39.3790740967	37.0234088259	40.2601089478	-0.26375105381	17.6299262047
213.68599987	39.7395858765	37.1942812792	40.4156723022	-0.263842391968	17.6329421997
214.856999874	40.6521873474	37.316319861	40.5684890747	-0.263902139664	17.6316511631
216.03399992	41.5549964905	37.4871555132	40.7813224792	-0.2639929533	17.6314723492
217.211999893	42.0174980164	37.7067700185	41.004108429	-0.264084982872	17.6315963268
218.40199995	42.1219673157	37.8775570535	41.1368560791	-0.264238286018	17.6314723492
219.59100008	42.0238571167	38.0727163957	41.3341217041	-0.264298582077	17.6331067085
220.75	42.1582984924	38.2434583201	41.5322570801	-0.26439268589	17.6296651363
221.930000067	42.8538970947	38.4141793479	41.7031021118	-0.264513278008	17.6318848133
223.115999937	40.8368148804	38.5848795776	41.8512191772	-0.264573454857	17.6214694977
224.307999849	41.5168304443	38.7311775815	41.9993095398	-0.264621114731	17.6216208935
225.478999853	43.413898468	38.8774604398	42.1982460022	-0.264696955681	17.6327562332
226.659999847	43.7142219543	39.0724807984	42.40442276	-0.264850115776	17.6365768909
227.832000017	43.7468795776	39.243101731	42.5206718445	-0.264941048622	17.6367759705
229.023999929	44.3753890991	39.438072208	42.7594718933	-0.265031290054	17.6366245747
230.217000008	44.6328620911	39.6330162931	42.9528388977	-0.265128684044	17.6304554939
231.409999847	44.7271385193	39.7792071258	43.1915588379	-0.265243792534	17.629314661
232.596999884	42.8766174316	39.9497445219	43.3630828857	-0.265319490433	17.6244449615
233.764999866	43.339515686	40.1202620074	43.519153595	-0.265366458893	17.6267182827
234.928999901	44.849521637	40.3151148801	43.71875	-0.265486931801	17.6322829723
236.180999994	45.5336418152	40.4612376416	43.9337387085	-0.265576505661	17.634563446
237.374000072	45.7519493103	40.6560455843	44.1641082764	-0.265678977966	17.6290607452
238.545000076	45.1757850647	40.8264816342	44.2475318909	-0.265800666809	17.6324748993
239.714999914	46.0281639099	40.9725542298	44.5141067505	-0.265891623497	17.6288199425
240.894999981	46.2699241638	41.19163653	44.7108230591	-0.265992569923	17.634344101
242.059999943	45.9222297668	41.386349712	44.929271698	-0.266074872017	17.6307582855
243.23300004	44.5358963013	41.5567032991	45.1204833984	-0.266166615486	17.6299881935
244.417999983	44.7915344238	41.6783728061	45.2926521301	-0.266226387024	17.6291370392
245.583999872	46.5071144104	41.8243634823	45.4983062744	-0.266317868233	17.6309084892
246.746000051	46.8067092896	42.0189962126	45.7084579468	-0.266394782066	17.6278448105
247.914000034	46.5677642822	42.2379288263	45.8352622986	-0.266530632973	17.626183033
249.085000038	46.9677886963	42.4081884957	46.095161438	-0.266622114182	17.6248776913
250.267999887	47.3514060974	42.6027483428	46.3133621216	-0.266700696945	17.6323926449
251.454999924	47.7502975464	42.7972841898	46.5713691711	-0.266776394844	17.6263546944
252.626999855	45.4050331116	43.0161085134	46.7514839172	-0.266880369186	17.6292192936
253.869999886	45.7311477661	43.1619747276	46.9641647339	-0.266928577423	17.6264023781
255.042000055	47.6580657959	43.3321352202	47.1415138245	-0.267001247406	17.630751133
256.23300004	47.6906280518	43.5265823776	47.3758277893	-0.267125296593	17.6242589951
257.424999952	48.5811843872	43.7210062339	47.4907073975	-0.267209911346	17.6241219044
258.67599988	47.9004325867	43.8911081098	47.7104873657	-0.267294931412	17.6277077198
259.845999956	47.9275588989	44.109784632	47.9636993408	-0.267416787148	17.6221084595
261.023000002	48.0694999695	44.2798463587	48.1653137207	-0.26750702858	17.6268899441
262.203999996	46.2970924377	44.4741813132	48.347026825	-0.267568850517	17.6305854321
263.398000002	46.2029342651	44.6927811498	48.5260009766	-0.267660474777	17.6265120506
264.582999945	46.499874115	44.8142132301	48.6796417236	-0.267721605301	17.6280033588
265.753000021	48.7872238159	45.0327690213	48.8802680969	-0.26781129837	17.6281821728
266.917999983	48.9155387878	45.1541767727	49.10887146	-0.267877364159	17.6277148724
268.098999977	49.7755317688	45.3969664495	49.2037353516	-0.268013238907	17.6289784908
269.263999939	48.8866195679	45.5668988601	49.4602851868	-0.268102526665	17.6308608055
270.434000015	50.0048828125	45.7610869385	49.6635055542	-0.268179988861	17.6279819012
271.603999853	49.7141189575	45.9067138083	49.854057312	-0.268240571022	17.6270890236
272.776000023	47.5051879883	46.1251314579	50.0337524414	-0.2683396101	17.6291573048
274.013999939	48.0685958862	46.2949931745	50.2025871277	-0.268420934677	17.6269173622
275.184999943	49.8983459473	46.4405760063	50.3768196106	-0.268482470512	17.6294457912
276.351999998	50.8218269348	46.6104076509	50.5880432129	-0.268603205681	17.6299607754
277.532999992	51.5815010071	46.7802232437	50.6891326904	-0.268678355217	17.6268827915
278.703999996	50.8128051758	46.9742786778	50.8840637207	-0.268754172325	17.624925375
279.875999928	51.6581726074	47.1440602053	51.0997161865	-0.268845534325	17.6274323463
281.056999922	52.2317085266	47.3623276229	51.2765579224	-0.268966674805	17.6266157627
282.247999907	49.1974411011	47.556321428	51.4533691406	-0.26903014183	17.6249396801
283.414999962	50.0554504395	47.6775572641	51.5904960632	-0.269087839127	17.6226234436
284.582000017	50.8615455627	47.8957619511	51.7438278198	-0.26914896965	17.6311218739
285.770999908	52.5409545898	47.9927336779	51.8349304199	-0.269241976738	17.6295137405
286.963000059	52.9961204529	48.1624222287	52.0468597412	-0.269333314896	17.6244723797
288.128999949	53.5142555237	48.380570973	52.2542381287	-0.269394993782	17.623077631
289.29399991	53.5196647644	48.5502250364	52.431854248	-0.269519042969	17.6237785816
290.486000061	52.8330078125	48.7198641733	52.6067390442	-0.269610643387	17.6268351078
291.677999973	53.0006446838	48.8894884822	52.7563667297	-0.269671368599	17.6254546642
292.871999979	52.0432815552	49.0833268046	52.9474525452	-0.269731402397	17.6232349873
294.045000076	51.6464881897	49.1802387971	53.0745277405	-0.269792795181	17.6207828522
295.210000038	54.980381012	49.3498233544	53.1664466858	-0.269883179665	17.6232624054
296.392999887	55.2207107544	49.2012565993	53.3259468079	-0.269943904877	17.622218132
297.579999924	54.3816680908	49.346382869	53.5331726074	-0.270038962364	17.6257503033
298.739000082	55.4097328186	49.5398791559	53.7259750366	-0.270128941536	17.6244997978
299.917000055	54.8984794617	49.7091834446	53.9268493652	-0.270191287994	17.6234412193
301.106999874	55.1154174805	49.8542977983	54.110584259	-0.270249819756	17.6274812222
302.299999952	52.7113838196	50.0235937549	54.2961044312	-0.270342135429	17.6249051094
303.493000031	52.7780990601	50.1687011114	54.4437980652	-0.270370554924	17.6227402687
304.68599987	52.4572067261	50.3621727247	54.6067771912	-0.270430183411	17.625399828
305.85800004	56.1700630188	50.5072728669	54.649974823	-0.270524001122	17.6219296455
307.032000065	56.432723999	50.6765525907	54.8660469055	-0.270584845543	17.6219582558
308.207999945	55.3728408813	50.8216463297	55.0613822937	-0.270661354065	17.6234281063
309.401000023	55.5555343628	50.9667372087	55.3053092957	-0.270726060867	17.6216900349
310.575000048	56.747543335	51.1843682957	55.5348167419	-0.270830464363	17.6242446899
311.743000031	57.0559921265	51.3778130244	55.7147827148	-0.270890069008	17.6234412193
312.922999859	53.2305183411	51.5470733194	55.9226379395	-0.270920157433	17.6240122318
314.115999937	53.8899879456	51.6437919158	55.9802207947	-0.270982241631	17.619086504
315.287999868	55.1316642761	51.8614046833	56.1538581848	-0.271059727669	17.6173758507
316.468999863	56.6315231323	51.9581196979	56.3508529663	-0.271103954315	17.6210165024
317.645999908	55.6743202209	52.175724612	56.5640144348	-0.271164679527	17.6201367378
318.829999924	55.8641700745	52.3207916553	56.7969398499	-0.271255326271	17.6180899143
320.023000002	55.8425750732	52.5383880154	56.9938774109	-0.271317982674	17.6225483418
321.194999933	56.6863670349	52.7318029049	57.191696167	-0.271407818794	17.6233315468
322.375999928	53.80078125	52.8768616265	57.4128684998	-0.271437621117	17.6212084293
323.555000067	53.7521324158	53.0219183153	57.4829826355	-0.271501231194	17.6219439507
324.739000082	54.5518760681	53.1669730278	57.6798782349	-0.271546554565	17.6209747791
325.931999922	56.5964241028	53.4087266436	57.8560562134	-0.271619343758	17.6233589649
327.125	56.3193855286	53.5537763615	58.0618743896	-0.271682667732	17.6205694675
328.315999985	58.1823425293	53.6988243089	58.27576828	-0.27177362442	17.6227200031
329.50999999	57.4138069153	53.8922189142	58.5103034973	-0.271834611893	17.6229190826
330.75999999	57.1009178162	54.0856106021	58.7313346863	-0.271895194054	17.6211678982
331.921000004	57.0541610718	54.278999503	58.9164123535	-0.271987485886	17.6203370094
333.086999893	55.0911102295	54.4240394279	59.0790290833	-0.272016620636	17.6218891144
334.280999899	55.3422317505	54.6174237636	59.153591156	-0.272074580193	17.6240801811
335.473999977	57.7671012878	54.7624604125	59.3287467957	-0.272139978409	17.6208996773
336.647000074	59.5578308105	54.9558405766	59.5093002319	-0.272189426422	17.6125466824
337.816999912	59.7374610901	55.1008742435	59.7203521729	-0.272262358665	17.6250076294
338.996000051	58.9982223511	55.294250626	59.9619293213	-0.272338056564	17.5930571556
340.190000057	59.0053977966	55.4876250213	60.1558876038	-0.27245426178	17.6218616962
341.382999897	60.2609939575	55.6084830649	60.3372650146	-0.272533798218	17.6747310162
342.573999882	56.5136604309	55.8743683511	60.4979782104	-0.272484493256	17.6551103592
343.747999907	59.097038269	56.019395383	60.6488113403	-0.27264945507	17.6345229149
344.924999952	58.4474449158	56.1402505875	60.7188301086	-0.272656750679	17.6476299763
346.096999884	59.4689292908	56.3094469332	60.8741378784	-0.272652888298	17.6337182522
347.289000034	60.2538223267	56.4786422557	61.0079116821	-0.2727175951	17.6099014282
348.48300004	60.9505081177	56.5753248692	61.085105896	-0.272779965401	17.6311838627
349.674999952	58.7871246338	56.6961777269	61.1640968323	-0.2728110075	17.6154518127
350.866999865	59.5147666931	56.7686892346	61.2179603577	-0.272861552238	17.6080667973
352.06099987	60.9729804993	56.8653710168	61.2628479004	-0.272885727882	17.6206660271
353.253999949	60.6219863892	56.962052552	61.2978553772	-0.272927069664	17.6137900352
354.427000046	60.9101371765	57.0103932316	61.3068389893	-0.272935461998	17.6169633865
355.598999977	60.489112854	57.0587338552	61.2915840149	-0.272962522507	17.6173889637
356.774999857	58.7251701355	57.1070744245	61.2942848206	-0.272992181778	17.618522644
357.970000029	59.5399589539	57.1312446894	61.2583961487	-0.273011016846	17.6149988174
359.161999941	60.1793708801	57.2037554078	61.2126121521	-0.273007440567	17.620164156
360.355000019	60.5439224243	57.2037554078	61.1919898987	-0.273024606705	17.6211535931
361.546999931	58.4107131958	57.1312446894	61.1489105225	-0.273054409027	17.6148402691
362.796999931	60.3437004089	57.2279256227	61.060043335	-0.273053860664	17.6224935055
363.99000001	59.5786018372	57.1554149414	60.9729728699	-0.273084211349	17.6251316071
365.182999849	57.7627029419	57.1312446894	60.8787155151	-0.273084640503	17.6199030876
366.375	57.5811233521	57.1312446894	60.8607826233	-0.273082709312	17.6205289364
367.625	58.239074707	57.0829041465	60.7764205933	-0.273114585876	17.6215660572
368.816999912	59.23462677	57.0345635503	60.7082023621	-0.27311360836	17.6188874245
370.010999918	57.4184417725	56.9862228989	60.6067504883	-0.2731133461	17.6196014881
371.203000069	57.8571243286	56.9378821905	60.4801597595	-0.273144388199	17.6241493225
372.395999908	57.5424995422	56.8895414231	60.384098053	-0.273143148422	17.6186668873
373.588000059	58.2346115112	56.7928597042	60.2682762146	-0.273144102097	17.6210093498
374.782999992	56.671207428	56.7445187488	60.1659164429	-0.273159360886	17.6219916344
375.976000071	57.9191627502	56.7203482463	60.0500831604	-0.273173499107	17.6217448711
377.224999905	57.3366394043	56.5994954763	59.9162826538	-0.2731757164	17.6188874245
378.417999983	57.7303848267	56.5269836	59.7860527039	-0.273173093796	17.6224935055
379.611999989	58.0827140808	56.4544715549	59.7213821411	-0.273204684258	17.6227688789
380.803999901	57.6620407104	56.3577885547	59.6037139893	-0.27320523262	17.6216554642
381.996999979	56.2619247437	56.2852760912	59.4671897888	-0.273205780983	17.6241004467
383.190999985	56.7899055481	56.2369343437	59.3567314148	-0.27320523262	17.6208722591
384.381999969	57.582950592	56.1160795927	59.2453536987	-0.273205924034	17.6235854626
385.575999975	57.3887710571	55.9952242718	59.1240730286	-0.273207855225	17.6223421097
386.769000053	57.1621818542	55.9227107933	58.9659461975	-0.273221993446	17.6249945164
387.941999912	55.1263237	55.8501970923	58.8239974976	-0.273238062859	17.624437809
389.121999979	57.1513786316	55.7535118002	58.6847343445	-0.273236274719	17.6214146614
390.292999983	56.8672065735	55.6326545891	58.6092453003	-0.27323615551	17.6245820522
391.481999874	56.2205238342	55.5601399328	58.4951324463	-0.273261022568	17.6228094101
392.67599988	55.7436904907	55.4392816019	58.3693313599	-0.273266792297	17.6199793816
393.868999958	54.5699691772	55.3909380642	58.2327308655	-0.273268008232	17.6219582558
395.06099987	54.6086845398	55.2459067216	58.1095962524	-0.273265814781	17.6234412193
396.31099987	54.4367103577	55.1008742435	57.977481842	-0.273266649246	17.6222395897
397.504999876	55.0741043091	55.0041852676	57.8480606079	-0.273281764984	17.6231396198
398.695999861	55.4386329651	54.9558405766	57.7258033752	-0.273298239708	17.6198148727
399.889999866	55.832775116	54.8108056675	57.5918655396	-0.27329685688	17.6203429699
401.139999866	54.226890564	54.7382877304	57.4543190002	-0.273297405243	17.6241970062
402.307999849	55.5817184448	54.5690779126	57.3293647766	-0.273297286034	17.6237022877
403.47300005	55.391834259	54.4965588469	57.2655181885	-0.273297691345	17.6221299171
404.659999847	55.1020317078	54.4240394279	57.1837158203	-0.273298382759	17.6201307774
405.911000013	54.2476234436	54.278999503	57.047039032	-0.273297548294	17.6234960556
407.102999926	53.1891670227	54.1581317595	56.9625320435	-0.273297548294	17.6202404499
408.296999931	54.6681365967	54.0614367961	56.8339347839	-0.273297405243	17.620934248
409.489000082	54.6213226318	53.964741132	56.7251167297	-0.273294949532	17.6243412495
410.682999849	54.9490280151	53.916393032	56.610912323	-0.273317742348	17.6203644276
411.875999928	54.2737731934	53.7955219844	56.5209922791	-0.273305511475	17.6222741604
413.069000006	52.928768158	53.6746497715	56.4310493469	-0.273327636719	17.6250493526
414.261999846	54.8968658447	53.626300553	56.3618049622	-0.273325991631	17.6227271557
415.432999849	54.4629020691	53.4812517273	56.2457580566	-0.27332379818	17.6228237152
416.674999952	53.5505218506	53.3603763346	56.125213623	-0.27332379818	17.6227128506
417.848999977	52.8593902588	53.2878504861	56.0217704773	-0.273326683044	17.6249110699
419.032999992	53.2766456604	53.1911486251	55.9120178223	-0.273326396942	17.6249730587
420.226999998	54.2369270325	53.1186216731	55.8328514099	-0.273325705528	17.6232218742
421.476999998	53.8046035767	52.9735663081	55.7059822083	-0.273327898979	17.6232421398
422.667999983	52.3456268311	52.8768616265	55.599811554	-0.27332777977	17.6234900951
423.861000061	52.3176689148	52.7559795021	55.4882278442	-0.273358392715	17.6241838932
425.017999887	52.4790534973	52.659272764	55.3685302734	-0.273360061646	17.6251113415
426.188999891	53.0369911194	52.5867420935	55.3163375854	-0.273358392715	17.6235997677
427.35800004	52.0183181763	52.5142108863	55.209236145	-0.273358678818	17.6251864433
428.519000053	51.9831542969	52.4416791352	55.1012191772	-0.273359513283	17.6253163815
429.690000057	52.0516929626	52.2724362273	54.9950027466	-0.273358678818	17.6230573654
430.85800004	53.3217315674	52.2240805469	54.8969039917	-0.273358130455	17.625234127
432.03399992	52.5592918396	52.1031902278	54.8041877747	-0.273357987404	17.6227617264
433.198999882	52.2392654419	52.0064768046	54.7006530762	-0.273358130455	17.6220262051
434.369999886	51.438419342	51.9097623248	54.6295280457	-0.273360061646	17.6240944862
435.537999868	53.1244239807	51.8372257611	54.5133705139	-0.273358535767	17.6239562035
436.710000038	51.3906059265	51.7888677128	54.4062271118	-0.273358821869	17.6226234436
437.886999846	51.240852356	51.6437919158	54.3134841919	-0.27335729599	17.6233589649
439.056999922	52.370891571	51.5712530746	54.1963920593	-0.273356890678	17.6239085197
440.236000061	51.6557769775	51.4745336255	54.0711936951	-0.27335896492	17.6250839233
441.414000034	51.7234230042	51.4019932836	53.9676170349	-0.273358130455	17.6222252846
442.606999874	51.9732322693	51.3052718069	53.8937530518	-0.27335896492	17.6235508919
443.799000025	51.4095153809	51.1601873687	53.7847595215	-0.273355507851	17.6273298264
444.991999865	51.9434738159	51.1360063661	53.6937789917	-0.273341107368	17.6231455803
446.162999868	52.0354499817	51.0151002099	53.5775642395	-0.273357582092	17.6220953465
447.339999914	50.7129440308	50.894192123	53.4712600708	-0.273358678818	17.6271235943
448.51699996	50.970123291	50.8216463297	53.3505134583	-0.27335703373	17.626388073
449.707000017	50.9132575989	50.7732820708	53.2504806519	-0.273356890678	17.6234483719
450.899999857	51.2398796082	50.6765525907	53.1486434937	-0.27334151268	17.623565197
452.069000006	50.8933868408	50.5798218128	53.037815094	-0.273325705528	17.6257157326
453.249000072	51.2534255981	50.5072728669	52.9999771118	-0.273356485367	17.6257634163
454.427000046	50.2327194214	50.4105397748	52.9188842773	-0.273356890678	17.6249873638
455.608999968	50.7670898438	50.3138053355	52.8296585083	-0.273345756531	17.6274323463
456.780999899	51.2209663391	50.2170695312	52.7223930359	-0.273356628418	17.6260864735
457.951999903	50.976436615	50.1445167712	52.6214332581	-0.273356080055	17.6238119602
459.135999918	50.1297912598	50.0961478286	52.4988288879	-0.273342466354	17.6279067993
460.38499999	50.5441513062	49.9510388829	52.4375343323	-0.273358130455	17.6247119904
461.576999903	51.0504226685	49.9026685208	52.3392601013	-0.273355793953	17.622013092
462.750999928	51.0928344727	49.8059267129	52.2941818237	-0.273359632492	17.6254475117
463.921000004	50.8924942017	49.7333693995	52.1760597229	-0.273329019547	17.6248562336
465.101000071	49.6024131775	49.6849973971	52.0777778625	-0.273331904411	17.6240599155
466.292999983	49.8146438599	49.5882522776	51.9893989563	-0.273328733444	17.6248908043
467.463000059	49.6629333496	49.4915056565	51.9091644287	-0.273328733444	17.624733448
468.63499999	49.6954536438	49.4189446942	51.8162689209	-0.273332166672	17.6247608662
469.815000057	49.9871520996	49.3947575154	51.7621803284	-0.273359513283	17.6234960556
470.99000001	50.4033699036	49.2496324133	51.6855239868	-0.273327493668	17.6252686977
472.165999889	49.7722587585	49.2012565993	51.6395454407	-0.273326683044	17.6253724098
473.338999987	49.0902862549	49.3982734243	51.5674095154	-0.273327898979	17.6223492622
474.50999999	50.4377059937	49.3498233544	51.4925308228	-0.273325848579	17.6264023781
475.680000067	49.4498710632	49.2771460351	51.3996353149	-0.273327350616	17.6310527325
476.858999968	49.5889587402	49.1802387971	51.3175468445	-0.273324894905	17.6229953766
478.05099988	49.8499603271	49.0590980614	51.2300338745	-0.273325562477	17.6298308372
479.22300005	49.856300354	49.0348690196	51.1497497559	-0.273325443268	17.6264989376
480.392999887	48.7767791748	48.9379498607	51.1208877563	-0.273325848579	17.6252007484
481.573999882	48.9972801208	48.8894884822	51.0207328796	-0.273323512077	17.6268696785
482.747999907	49.1942481995	48.7925621157	50.9277954102	-0.27332406044	17.625721693
483.92599988	48.6611061096	48.7198641733	50.8519859314	-0.273325014114	17.625887394
485.09800005	48.9394607544	48.6229293457	50.7689704895	-0.273325848579	17.6259148121
486.287999868	48.8138771057	48.5502250364	50.7040176392	-0.273325300217	17.6279687881
487.458999872	49.3903236389	48.5017539743	50.6444702148	-0.273324608803	17.6279759407
488.631999969	49.2123718262	48.4048081853	50.5785865784	-0.273294258118	17.6248979568
489.809999943	48.4776916504	48.4048081853	50.5271377563	-0.273296189308	17.6269376278
490.981999874	48.9738426208	48.2593803059	50.4242362976	-0.273296737671	17.6277899742
492.155999899	49.1075706482	48.2109018846	50.3574409485	-0.273296451569	17.6270341873
493.335999966	49.0479354858	48.113941336	50.2770957947	-0.273295903206	17.6282227039
494.504999876	48.7533531189	48.0654592041	50.1904144287	-0.273295497894	17.6278591156
495.677000046	49.1328659058	48.0169758308	50.1028442383	-0.273294520378	17.627466917
496.853999853	48.8202285767	47.9200053507	50.0233879089	-0.273295497894	17.6286280155
498.02699995	48.4324951172	47.8472742147	49.9827575684	-0.273295903206	17.629390955
499.197999954	48.398147583	47.7745402621	49.8879432678	-0.27329685688	17.6286423206
500.376999855	47.9895019531	47.7260493919	49.8039588928	-0.27329480648	17.6290535927
501.569999933	47.5490837097	47.653310728	49.7272033691	-0.273294663429	17.6288414001
502.734999895	48.719909668	47.556321428	49.6314582825	-0.273295354843	17.6287794113
503.907000065	48.5508842468	47.5320733128	49.5438308716	-0.27329480648	17.6291227341
505.089999914	47.3925666809	47.4108279806	49.4517021179	-0.273279690742	17.628339529
506.282999992	47.2125167847	47.3623276229	49.3613471985	-0.27329480648	17.630366087
507.455999851	47.8845558167	47.2895746956	49.3288269043	-0.273277902603	17.6278102398
508.697999954	48.0952453613	47.2168188923	49.224029541	-0.273292326927	17.6280927658
509.868999958	47.0704345703	47.1683134219	49.1526374817	-0.273263216019	17.6288342476
511.034999847	47.5435638428	47.0712986269	49.056854248	-0.273264026642	17.6292049885
512.203999996	47.7977104187	46.9742786778	48.9791488647	-0.27326567173	17.6330387592
513.38499999	46.5029678345	46.9257667647	48.8987197876	-0.273263478279	17.6303386688
514.578000069	47.2405204773	46.9015103225	48.8255310059	-0.273261976242	17.6301121712
515.826999903	47.7163200378	46.8287390499	48.7505264282	-0.273266220093	17.6255226135
517.019999981	47.8347969055	46.7317061351	48.6800460815	-0.273265266418	17.6284909248
518.191999912	47.615940094	46.7074470917	48.6014137268	-0.273264312744	17.6275360584
519.362999916	46.8514709473	46.5861469725	48.5887832642	-0.273265004158	17.626581192
520.540999889	46.5862884521	46.5861469725	48.5056190491	-0.273263907433	17.6318013668
521.733999968	47.0161705017	46.489100977	48.4324111938	-0.273235058784	17.6307296753
522.927000046	46.7446708679	46.3920497171	48.3429069519	-0.27326540947	17.6291298866
524.092999935	47.011631012	46.3920497171	48.2741966248	-0.273237252235	17.6299190521
525.260999918	46.3491020203	46.2707282112	48.1828918457	-0.273235464096	17.6310944557
526.42599988	46.4242401123	46.1979313307	48.1159858704	-0.273265957832	17.6292872429
527.595000029	47.0225028992	46.1736650393	48.0906867981	-0.273237109184	17.6320075989
528.779000044	47.1736106873	46.0765965431	48.0265007019	-0.273237514496	17.6311147213
529.947999954	47.1392478943	46.052328585	47.9885444641	-0.273234510422	17.6289784908
531.118000031	46.2151679993	46.003791666	47.9144096375	-0.273235177994	17.6299130917
532.299999952	46.1237335205	45.8824435048	47.8619728088	-0.273235464096	17.6289856434
533.493000031	46.9275550842	45.8339018889	47.815864563	-0.273219799995	17.6311969757
534.664000034	46.0793762207	45.7610869385	47.7426147461	-0.273207855225	17.6315271854
535.835999966	45.9209060669	45.7368146135	47.6449241638	-0.273206067085	17.6295483112
537.014999866	45.8403015137	45.6882689493	47.6223297119	-0.27320497036	17.6280987263
538.18599987	46.1436805725	45.5911735567	47.560836792	-0.273204016685	17.628724575
539.35800004	46.5212097168	45.5426238236	47.5056800842	-0.273203873634	17.6303040981
540.529999971	45.8620872498	45.4697966715	47.4695205688	-0.273204421997	17.6311564445
541.700000048	45.5314750671	45.4212435318	47.3926277161	-0.273175573349	17.6261341572
542.874000072	46.6108512878	45.348411259	47.3229675293	-0.273174333572	17.6267385483
544.059000015	46.0730857849	45.348411259	47.2496871948	-0.2731757164	17.6342058182
545.25	45.7090148926	45.2512967653	47.2189331055	-0.273176121712	17.6303863525
546.421999931	45.7914466858	45.1784572874	47.1393127441	-0.273178172112	17.6334369183
547.593999863	46.1391830444	45.1298959132	47.0759773254	-0.273176932335	17.6284360886
548.773000002	46.4370422363	45.0327690213	47.0081138611	-0.273177504539	17.6279139519
549.945999861	45.3394241333	45.0084864334	46.9357147217	-0.273178052902	17.6300358772
551.118999958	45.3059158325	44.9356365891	46.8742027283	-0.273176527023	17.6277554035
552.295000076	45.9535865784	44.8870682898	46.8561172485	-0.273147559166	17.6323997974
553.46600008	45.6927680969	44.8142132301	46.781917572	-0.273157024384	17.6304972172
554.638999939	45.5269966125	44.7899275129	46.7511558533	-0.273175430298	17.6315748692
555.815999985	45.2271194458	44.6927811498	46.6877937317	-0.273147416115	17.6315069199
556.986000061	45.7624931335	44.668493684	46.5746269226	-0.273147130013	17.6309847832
558.154999971	45.2923164368	44.6199177005	46.5103607178	-0.273146724701	17.6271438599
559.338999987	45.1527709961	44.5227615174	46.4487876892	-0.27312707901	17.6527273655
560.507999897	44.7068634033	44.4984715916	46.3736534119	-0.273114442825	17.6263403893
561.681999922	45.6130104065	44.4255996976	46.3247680664	-0.273130655289	17.6208519936
562.866999865	45.0793647766	44.4013083597	46.2803993225	-0.273096871376	17.6224243641
564.052999973	44.6334342957	44.3527246225	46.1898460388	-0.27311360836	17.6215660572
565.22300005	44.8663749695	44.2312590741	46.1373291016	-0.273114299774	17.6252889633
566.395999908	45.3964614868	44.2312590741	46.0340881348	-0.273098516464	17.631829977
567.580999851	44.5835266113	44.1340802336	45.9715919495	-0.273083662987	17.6392829418
568.767999887	44.9443054199	44.109784632	45.9245109558	-0.273053717613	17.6297748089
569.940999985	44.965133667	44.0611923569	45.8375587463	-0.273052620888	17.6335608959
571.114000082	44.9170875549	43.9883012604	45.7805175781	-0.273036837578	17.6368105412
572.282999992	44.6877937317	43.9397054035	45.7542495728	-0.273052501678	17.6321387291
573.440999985	44.8337440491	43.8911081098	45.7089691162	-0.273021578789	17.6354563236
574.611999989	44.6551704407	43.842509377	45.6419487	-0.273022818565	17.6330590248
575.776000023	44.7956733704	43.7939092028	45.5939331055	-0.273020339012	17.6273846626
576.940000057	44.5237197876	43.6724024463	45.520565033	-0.273023509979	17.6303184032
578.111000061	43.9270439148	43.6481000091	45.477104187	-0.273022961617	17.6319396496
579.289999962	44.3541984558	43.6237972092	45.4309005737	-0.273021864891	17.6280987263
580.463000059	43.8907814026	43.5751905204	45.3774452209	-0.272992873192	17.6295280457
581.624000072	44.1447296143	43.5022777602	45.3203697205	-0.273021173477	17.631932497
582.797999859	44.2099952698	43.4536674321	45.2360839844	-0.272989583015	17.6300919056
583.967999935	44.3478317261	43.3807492021	45.1944007874	-0.272991633415	17.6234960556
585.139999866	43.244758606	43.3321352202	45.1191940308	-0.272990393639	17.630366087
586.381000042	43.4498558044	43.2835197728	45.0684623718	-0.272961139679	17.6403272152
587.570999861	43.1259002686	43.2349028576	45.0322341919	-0.272962641716	17.6296722889
588.73300004	43.2920074463	43.2105938489	45.0068740845	-0.272961688042	17.6391386986
589.904999971	44.0858345032	43.1376646146	44.9733581543	-0.272932577133	17.6393306255
591.085999966	43.2421302795	43.0890432821	44.9217147827	-0.272949051857	17.6372492313
592.257999897	43.8445892334	43.0404204727	44.8764190674	-0.272962784767	17.6385271549
593.428999901	43.719417572	42.9917961839	44.8238487244	-0.272930240631	17.6306343079
594.612999916	43.7956352234	42.9188569721	44.7785377502	-0.272935724258	17.6267111301
595.786000013	43.0515861511	42.8459144188	44.7504615784	-0.272930240631	17.6329016685
596.954999924	43.0425033569	42.870228975	44.6842880249	-0.272931742668	17.6310324669
598.13499999	43.2984580994	42.74865247	44.656211853	-0.272900438309	17.6322627068
599.307999849	43.3029975891	42.74865247	44.6099967957	-0.272900700569	17.634755373
600.477999926	42.9962463379	42.6513845488	44.5701065063	-0.272903323174	17.6326334476
601.649999857	43.1823348999	42.5784296775	44.5066642761	-0.272901391983	17.6318228245
602.825999975	43.031665802	42.5784296775	44.4586143494	-0.272870612144	17.6334512234
603.996000051	43.5317077637	42.5541106368	44.399684906	-0.272871041298	17.6304411888
605.178999901	43.1115570068	42.5297912206	44.3625144958	-0.272869372368	17.6303458214
606.349999905	42.8610191345	42.4811512602	44.329875946	-0.272870612144	17.6296591759
607.520999908	42.5677528381	42.4081884957	44.2745628357	-0.272871041298	17.6345157623
608.698999882	43.372013092	42.3108995262	44.2011108398	-0.27286965847	17.6346600056
609.861000061	43.3103103638	42.2379288263	44.157585144	-0.272840809822	17.6295697689
611.030999899	42.7911300659	42.2379288263	44.1104469299	-0.272839426994	17.6326954365
612.193000078	42.3752555847	42.1892797969	44.0333595276	-0.272837662697	17.6323652267
613.368999958	42.4497146606	42.116303403	44.0097808838	-0.272839021683	17.6318085194
614.552000046	42.9427337646	42.0676505705	43.9753074646	-0.272829556465	17.6320493221
615.724999905	43.0362319946	42.0189962126	43.9127311707	-0.272841095924	17.6325297356
616.898000002	42.1527099609	41.9703403272	43.8455924988	-0.272827076912	17.6295483112
618.070999861	43.0371246338	41.9703403272	43.7902526855	-0.272812652588	17.6349687576
619.246999979	42.0773048401	41.8973536297	43.7203903198	-0.272811412811	17.6370429993
620.421999931	42.3188934326	41.8243634823	43.667755127	-0.272809481621	17.6354014874
621.595999956	42.5668144226	41.8243634823	43.5987739563	-0.272808933258	17.6379156113
622.767999887	42.6630477905	41.7757014634	43.5352706909	-0.272782564163	17.6317465305
623.934000015	42.3334083557	41.751369877	43.5180282593	-0.272778725624	17.6346182823
625.116999865	41.8355941772	41.6540396777	43.4626846313	-0.272778439522	17.6367759705
626.289000034	42.3243217468	41.6540396777	43.3991622925	-0.272779417038	17.6347625256
627.461999893	42.2107925415	41.605372262	43.3429031372	-0.272779273987	17.6311290264
628.632999897	41.7819862366	41.5080327868	43.2811813354	-0.272780513763	17.6341307163
629.80099988	41.8528366089	41.4593607227	43.2249145508	-0.272778439522	17.632035017
630.971999884	41.7946739197	41.435024108	43.1486587524	-0.272748231888	17.6374900341
632.159999847	42.259803772	41.386349712	43.1168899536	-0.272748494148	17.6318979263
633.332000017	42.1553459167	41.3376737585	43.0824012756	-0.272718691826	17.6286828518
634.506000042	42.1862335205	41.3133351969	43.0424766541	-0.272733521461	17.6302838326
635.682999849	41.6920127869	41.2403171698	42.9680480957	-0.27271938324	17.6309025288
636.846999884	41.8528366089	41.2403171698	42.9208450317	-0.27271938324	17.6305580139
638.01699996	42.1635360718	41.19163653	42.8736381531	-0.272718405724	17.6322209835
639.205999851	42.0708885193	41.094270548	42.8191680908	-0.27268846035	17.6322829723
640.376999855	41.6447601318	41.0699280711	42.8055496216	-0.272687506676	17.6337599754
641.549999952	41.3003082275	41.0455852012	42.7574501038	-0.272689294815	17.63194561
642.726999998	41.3003082275	40.9968982808	42.6875152588	-0.272668290138	17.6341509819
643.898999929	40.9966430664	40.9725542298	42.6466674805	-0.272660851479	17.6356351376
645.069999933	41.7792472839	40.8995197101	42.5840072632	-0.272660589218	17.6352369785
646.249000072	40.9348106384	40.8995197101	42.5386161804	-0.27265920639	17.6351475716
647.421000004	41.0275726318	40.8264816342	42.5068511963	-0.272658252716	17.6327633858
648.592000008	41.4948234558	40.8021348173	42.4578056335	-0.27265920639	17.6323652267
649.769999981	41.0630378723	40.7534399945	42.453289032	-0.272658109665	17.631149292
650.938999891	40.7175102234	40.6803947831	42.3969841003	-0.272633385658	17.632317543
652.10800004	40.7548103333	40.6073459924	42.3570365906	-0.272628450394	17.6369261742
653.290999889	41.4148902893	40.6316959875	42.3216285706	-0.272627615929	17.6352441311
654.460999966	40.7066230774	40.5829955987	42.3034667969	-0.272628164291	17.6378202438
655.628000021	41.2267684937	40.5099420233	42.2708129883	-0.272597670555	17.6315402985
656.795000076	41.1440391541	40.4855900325	42.2290458679	-0.272596979141	17.6301121712
657.967999935	41.2822608948	40.4612376416	42.2199783325	-0.272597122192	17.6317739487
659.144000053	40.6612243652	40.3638240723	42.1881904602	-0.27259657383	17.6326465607
660.315000057	40.8722305298	40.3394696771	42.1427879333	-0.272566223145	17.632317543
661.486999989	41.196849823	40.3151148801	42.1201019287	-0.272566342354	17.6363158226
662.664999962	40.4866294861	40.3151148801	42.0546989441	-0.27256731987	17.632317543
663.832000017	41.1750297546	40.2176916691	42.0092735291	-0.272565937042	17.6393997669
665.004999876	41.1786422729	40.1933348592	41.9338417053	-0.27255358696	17.6374423504
666.187000036	41.0640945435	40.1202620074	41.9229431152	-0.272537231445	17.6301193237
667.355000019	40.5066070557	40.0959035819	41.8884162903	-0.272538614273	17.63641119
668.526000023	40.8167610168	40.0228258765	41.8275413513	-0.272537517548	17.629301548
669.708999872	40.8285827637	39.9984658308	41.7848434448	-0.272537517548	17.6337599754
670.878999949	40.1963882446	39.9984658308	41.7403144836	-0.272505354881	17.6373040676
672.05099988	40.9349975586	39.9010215876	41.7067222595	-0.272506332397	17.6340556145
673.230999947	40.7604026794	39.8766595102	41.6531028748	-0.272507143021	17.6337945461
674.404000044	40.4220466614	39.8279341336	41.6076622009	-0.272475409508	17.6349890232
675.576999903	40.0444526672	39.8279341336	41.5740394592	-0.272475147247	17.6311075687
676.751999855	40.4747772217	39.7548430096	41.5258483887	-0.27244644165	17.6367485523
677.921999931	40.541179657	39.7061135509	41.4922447205	-0.272460722923	17.6311564445
679.092999935	40.252822876	39.6817482079	41.4468002319	-0.272448086739	17.6293838024
680.273000002	40.546661377	39.6573824554	41.3959083557	-0.272447800636	17.6377785206
681.444999933	40.5221061707	39.6086497208	41.3313598633	-0.272447395325	17.6333618164
682.608999968	39.8842506409	39.5599153447	41.2722587585	-0.272448635101	17.6350653172
683.774999857	39.9597930908	39.5355475404	41.2649841309	-0.272447395325	17.6384723186
684.945999861	40.1372451782	39.5111793248	41.2031478882	-0.27244849205	17.6343917847
686.118000031	40.2554931641	39.438072208	41.1567726135	-0.272447109222	17.6357388496
687.289999962	39.5592422485	39.3893320688	41.0849380493	-0.2724152565	17.633382082
688.464999914	39.7786026001	39.3893320688	41.0212593079	-0.272416615486	17.6341176033
689.647000074	39.975189209	39.3405902777	40.9903411865	-0.272417163849	17.6312589645
690.813999891	39.5364532471	39.2918468326	40.9266891479	-0.272401785851	17.6341378689
691.976999998	39.9906654358	39.2918468326	40.9157829285	-0.272416615486	17.6301527023
693.148999929	40.0761985779	39.2187285584	40.8512229919	-0.272417163849	17.6322209835
694.319999933	39.6211280823	39.1943549708	40.7893791199	-0.272416353226	17.6325714588
695.496999979	39.638420105	39.1456065496	40.7766532898	-0.272386407852	17.6322686672
696.662999868	39.8741760254	39.1212317154	40.7229957581	-0.272385025024	17.6327908039
697.826999903	39.3388786316	38.9993512969	40.6920661926	-0.272385454178	17.6344192028
698.994999886	39.4499664307	39.0237282146	40.6375007629	-0.272386407852	17.6365697384
700.165999889	39.7221717834	38.9993512969	40.618396759	-0.272356057167	17.6340138912
701.34800005	39.2614822388	38.9993512969	40.5874710083	-0.272355914116	17.6367342472
702.519999981	39.6702842712	38.9262180376	40.530166626	-0.272340512276	17.63484478
703.691999912	39.2824287415	38.8774604398	40.4992446899	-0.272326231003	17.6287651062
704.869999886	39.3261375427	38.8774604398	40.4355735779	-0.272325968742	17.6336562634
706.042000055	39.6074714661	38.828701166	40.4010009766	-0.272326779366	17.6323652267
707.21600008	39.0210533142	38.7799402141	40.3600845337	-0.272295880318	17.6356422901
708.392999887	39.5401382446	38.7067956343	40.362827301	-0.27229616642	17.6371324062
709.565999985	39.0065422058	38.7067956343	40.3455657959	-0.272296833992	17.6341235638
710.739000082	38.9519042969	38.6824132661	40.2928085327	-0.272265100479	17.6352715492
711.914000034	39.0393486023	38.6092636327	40.2618789673	-0.272279119492	17.6329350471
713.082000017	39.4291267395	38.5848795776	40.2719268799	-0.272261953354	17.633677721
714.250999928	39.4100189209	38.5604951001	40.2228240967	-0.272266221046	17.634267807
715.434999943	39.3153648376	38.5604951001	40.2073707581	-0.272266483307	17.6371741295
716.628999949	39.1833267212	38.5117248767	40.1791572571	-0.27224946022	17.6370501518
717.795000076	39.3126411438	38.438566366	40.1282081604	-0.272233939171	17.6334571838
718.958999872	38.77526474	38.4141793479	40.0972709656	-0.27223379612	17.6333069801
720.149999857	38.7142219543	38.438566366	40.0836486816	-0.272236537933	17.6355731487
721.319999933	38.9137573242	38.3410157455	40.02085495	-0.272235155106	17.6342272758
722.486999989	39.1961212158	38.3166270279	39.9963035583	-0.27220261097	17.6366996765
723.664999962	38.6377563477	38.2922378846	39.9808616638	-0.272204256058	17.6327502728
724.838000059	38.5584602356	38.2190678983	39.9116630554	-0.272202467918	17.6350998878
726.007999897	39.0950508118	38.2190678983	39.9089584351	-0.272189021111	17.6367890835
727.194999933	38.5712432861	38.1702857741	39.863445282	-0.272174048424	17.6359653473
728.366999865	38.9010429382	38.1458940712	39.8479957581	-0.272173762321	17.6372289658
729.536999941	38.9320297241	38.0971093823	39.81432724	-0.27217335701	17.6329767704
730.714999914	38.3798904419	38.0727163957	39.7824668884	-0.27214422226	17.6311969757
731.885999918	38.6405067444	38.0239291367	39.7524299622	-0.27214410305	17.6339793205
733.055999994	38.6641998291	37.9751401616	39.6959953308	-0.272145318985	17.633382082
734.236999989	38.7552986145	37.926349468	39.6905288696	-0.272144913673	17.6326954365
735.405999899	38.6733131409	37.901953476	39.6532096863	-0.272112488747	17.6357662678
736.575000048	38.7881088257	37.901953476	39.6158905029	-0.272114825249	17.6351547241
737.759000063	38.7926559448	37.8531602003	39.5512504578	-0.272115111351	17.6306200027
738.928999901	38.2313232422	37.8531602003	39.5002479553	-0.272083926201	17.6344668865
740.09800005	38.3643569946	37.7555684739	39.4483222961	-0.272082281113	17.6322007179
741.279999971	38.6122207642	37.7799670531	39.4137306213	-0.272084069252	17.633190155
742.451999903	38.3825836182	37.7311694624	39.3654708862	-0.272085022926	17.6341998577
743.619999886	38.4336433411	37.7067700185	39.3445625305	-0.27205452919	17.634563446
744.799000025	38.5065193176	37.6823701418	39.3117485046	-0.272053694725	17.6321589947
745.970999956	37.8812179565	37.6335690889	39.2771263123	-0.272053980827	17.6335191727
747.14199996	38.0553474426	37.5603642563	39.2152061462	-0.272054386139	17.6362669468
748.325000048	38.2385444641	37.5603642563	39.1569023132	-0.272039270401	17.636487484
749.494999886	38.2239456177	37.5115588626	39.1240921021	-0.272023200989	17.6375448704
750.65899992	37.8109512329	37.4871555132	39.0639610291	-0.272025680542	17.634165287
751.823999882	37.9905586243	37.4383475081	39.0320854187	-0.272024178505	17.6364254951
752.996999979	37.5793304443	37.4383475081	38.987449646	-0.271992993355	17.6315200329
754.174999952	37.6659660339	37.36513223	38.9665031433	-0.271992015839	17.6340961456
755.346999884	37.8930091858	37.36513223	38.9200439453	-0.271992993355	17.6372766495
756.51699996	38.0206451416	37.316319861	38.8972930908	-0.271993541718	17.6387262344
757.697999954	37.7289047241	37.2675057425	38.8544883728	-0.271963596344	17.6375317574
758.888999939	37.5191764832	37.2430980264	38.8308181763	-0.271963310242	17.6390838623
760.057999849	37.7526321411	37.2186898721	38.8153305054	-0.271962761879	17.6325237751
761.214999914	37.8702392578	37.1698722475	38.7670326233	-0.271963453293	17.6331686974
762.375	37.4106178284	37.1454627767	38.7324104309	-0.271931171417	17.6302015781
763.54399991	37.8045921326	37.1210528665	38.6904983521	-0.271931862831	17.6353669167
764.713000059	37.5948562622	37.0478204966	38.6804962158	-0.271933913231	17.6364934444
765.882999897	37.3358459473	37.0722317268	38.6066932678	-0.271903157234	17.6343369484
767.069999933	37.7298355103	37.0478204966	38.5966758728	-0.271901774406	17.6356828213
768.240999937	37.3175964355	36.9989967144	38.5574951172	-0.271901631355	17.6348662376
769.411999941	37.1497344971	36.9501711677	38.5447349548	-0.271869087219	17.6341581345
770.586999893	37.6277198792	36.9501711677	38.5347366333	-0.271870470047	17.6333749294
771.750999928	37.1369819641	36.9013438542	38.4791488647	-0.271871829033	17.6327562332
772.921000004	37.5319786072	36.8525147715	38.4891929626	-0.271849155426	17.6318848133
774.092999935	37.5365371704	36.828099566	38.4299545288	-0.271841478348	17.6363635063
775.263000011	37.0786323547	36.8036839174	38.4126739502	-0.271839952469	17.63707757
776.441999912	37.4316940308	36.7548512897	38.4117774963	-0.271841478348	17.6378750801
777.61500001	37.4572372437	36.7304343099	38.3707695007	-0.271839690208	17.6353335381
778.786000013	37.1041984558	36.7060168859	38.3370704651	-0.271825408936	17.635627985
779.960000038	37.3195419312	36.7304343099	38.3325309753	-0.271810150146	17.6317334175
781.126999855	37.359703064	36.6571807038	38.3024749756	-0.271810984612	17.6332235336
782.296999931	37.1699714661	36.6083427411	38.3015823364	-0.2718126297	17.6312935352
783.464999914	36.8880233765	36.5839230913	38.2478103638	-0.271784329414	17.6396262646
784.63499999	37.3204956055	36.5839230913	38.2314071655	-0.271781992912	17.6349556446
785.815000057	37.2228889465	36.5106614646	38.2232017517	-0.27177939415	17.6375246048
786.980000019	37.1964302063	36.4618181462	38.1676025391	-0.271778845787	17.6350235939
788.15199995	37.0404167175	36.437395816	38.1247520447	-0.271779513359	17.6333343983
789.335000038	36.9473419189	36.4618181462	38.0928497314	-0.271748065948	17.6349890232
790.499000072	36.6708068848	36.437395816	38.0527458191	-0.271749162674	17.6341855526
791.665999889	36.77942276	36.3885498121	38.0308685303	-0.271749019623	17.635821104
792.832999945	37.0623130798	36.3641261378	38.0409126282	-0.271748352051	17.6331758499
794.003000021	37.0879096985	36.315277443	38.0117645264	-0.271714830399	17.634254694
795.181999922	37.0578231812	36.2908524221	37.9798851013	-0.271715641022	17.6367342472
796.345000029	36.6864013672	36.2420010314	37.9607391357	-0.271716332436	17.6375925541
797.517999887	36.8397102356	36.2664269516	37.8996353149	-0.271715378761	17.6369822025
798.690000057	36.5822982788	36.1931478406	37.8594932556	-0.271704101563	17.6306414604
799.859999895	36.5603637695	36.1687205694	37.8074951172	-0.271702742577	17.6327157021
801.037999868	36.7684669495	36.1687205694	37.798374176	-0.27168598175	17.6318907738
802.210000038	36.8533401489	36.119864674	37.7591667175	-0.27166659832	17.6319873333
803.381000042	36.3658905029	36.046577444	37.7226791382	-0.271656298637	17.6414334774
804.555999994	36.3385047913	36.046577444	37.6716079712	-0.271656990051	17.6380050182
805.718999863	36.7383346558	36.046577444	37.6232757568	-0.271655893326	17.6395916939
806.888999939	36.3412437439	36.0221474631	37.602306366	-0.271655607224	17.634563446
808.057999849	36.302898407	35.973286143	37.5512161255	-0.271624565125	17.6365625858
809.228999853	36.2352867126	35.9244230101	37.5302085876	-0.271626639366	17.6370370388
810.411999941	36.5319824219	35.8999907631	37.4754600525	-0.271624994278	17.6355111599
811.582999945	36.5758018494	35.8999907631	37.4389877319	-0.271623897552	17.6389873028
812.747999907	36.5483970642	35.8266912965	37.3933601379	-0.271624159813	17.6340007782
813.932999849	35.9914207458	35.8266912965	37.3367767334	-0.271592974663	17.63261199
815.103999853	36.4735107422	35.7778227113	37.3139724731	-0.271592712402	17.631932497
816.274999857	36.3557739258	35.8022572316	37.294834137	-0.271592831612	17.6345431805
817.454999924	36.0060310364	35.7045164165	37.2629127502	-0.271563577652	17.6388025284
818.625999928	35.9969100952	35.7045164165	37.2501602173	-0.271563720703	17.6363909245
819.797999859	36.163105011	35.6800800725	37.2127342224	-0.271563434601	17.6376962662
820.976999998	36.2580718994	35.6556432719	37.1725921631	-0.271534872055	17.6345705986
822.144999981	35.9539680481	35.6067682995	37.1534385681	-0.271534872055	17.6319527626
823.315999985	36.2033081055	35.6067682995	37.1443328857	-0.271511101723	17.6349830627
824.497999907	36.2151832581	35.5823301272	37.1041870117	-0.271504116058	17.6299476624
825.66899991	35.810585022	35.5334524088	37.0722503662	-0.27150478363	17.6354217529
826.836999893	35.9859542847	35.5090128622	37.0576553345	-0.27150452137	17.6372015476
828.020999908	36.1229400635	35.4845728569	37.0284614563	-0.27150452137	17.6408910751
829.191999912	35.6543731689	35.4845728569	36.9709701538	-0.271472787857	17.6363635063
830.36500001	35.943939209	35.4845728569	36.9472503662	-0.271473050117	17.6401209831
831.536999941	36.0389251709	35.4112500861	36.9308242798	-0.271475529671	17.6362264156
832.700999975	35.7557945251	35.3868082432	36.9198913574	-0.271474027634	17.6326954365
833.940000057	35.943069458	35.3623659403	36.9098739624	-0.271441316605	17.6347839832
835.121000051	35.6434669495	35.3379231769	36.8898391724	-0.271443390846	17.6315402985
836.289999962	35.9010887146	35.2890362678	36.8834457397	-0.271443390846	17.6356697083
837.455999851	35.9111709595	35.2890362678	36.8597412109	-0.271429228783	17.6398801804
838.636999846	35.5265617371	35.2401475137	36.8396644592	-0.2714148283	17.6378130913
839.799000025	35.8244132996	35.1912569122	36.8150558472	-0.271414399147	17.6362192631
840.971999884	35.9696617126	35.166810918	36.8068580627	-0.271398878098	17.6340830326
842.142999887	35.5156440735	35.166810918	36.7913742065	-0.271384453773	17.6371741295
843.382999897	35.8591651917	35.1423644611	36.7429962158	-0.271384048462	17.6326334476
844.553999901	35.5074424744	35.1179175412	36.7137870789	-0.271381425858	17.6377367973
845.741999865	35.5622673035	35.093470158	36.6955337524	-0.271373462677	17.6384925842
846.911999941	35.8153457642	35.0690223113	36.698299408	-0.271351623535	17.6386237144
848.083999872	35.5942649841	34.9956759868	36.6736488342	-0.271352601051	17.63854146
849.264999866	35.4736595154	35.020125226	36.6325798035	-0.271352314949	17.6357316971
850.43599987	35.6974830627	34.9956759868	36.5923919678	-0.27132332325	17.6341032982
851.60800004	35.6718978882	34.9467761141	36.5449256897	-0.271322774887	17.6365423203
852.786999941	35.3859367371	34.8978743802	36.5321617126	-0.271308088303	17.6334989071
853.954999924	35.6737747192	34.8978743802	36.5385856628	-0.271291589737	17.6333069801
855.124000072	35.2580108643	34.8489707828	36.5066337585	-0.271289825439	17.6390564442
856.309000015	35.2342720032	34.8734228146	36.4810714722	-0.271268510818	17.6363837719
857.478999853	35.5211982727	34.7511579886	36.4454650879	-0.271261525154	17.638437748
858.648000002	35.1876335144	34.8000653197	36.4180831909	-0.271260976791	17.6349282265
859.829999924	35.1629371643	34.7267036218	36.3669319153	-0.271260142326	17.6347768307
861.000999928	35.2716941833	34.7511579886	36.3431930542	-0.271260547638	17.6338970661
862.170000076	34.991065979	34.7511579886	36.2966003418	-0.271228694916	17.6332378387
863.352999926	35.0276298523	34.6777934842	36.2719535828	-0.271228814125	17.6351058483
864.52699995	35.1930770874	34.6777934842	36.2472991943	-0.271229243279	17.6349616051
865.697999954	35.2433395386	34.6288814728	36.218082428	-0.271230196953	17.635538578
866.874000072	35.1829910278	34.6288814728	36.1705741882	-0.271198320389	17.6385617256
868.046000004	34.9124145508	34.6044247637	36.1422653198	-0.271199965477	17.6360404491
869.213999987	35.1546592712	34.5555099373	36.1303863525	-0.27120039463	17.633190155
870.397000074	35.1784057617	34.5310518194	36.068271637	-0.271169066429	17.6359307766
871.566999912	34.9206314087	34.5065932313	36.0490646362	-0.271170163155	17.6339662075
872.736000061	35.0778121948	34.4821341727	35.9878501892	-0.271170306206	17.6341032982
873.917000055	34.7368049622	34.4821341727	35.9631919861	-0.271146821976	17.6389467716
875.088999987	34.7779464722	34.433214643	35.9440116882	-0.271164393425	17.6372635365
876.259000063	35.0220527649	34.4087541713	35.9010772705	-0.271162056923	17.6405131817
877.440000057	34.7121124268	34.3598318128	35.8764152527	-0.271139526367	17.6348042488
878.60800004	34.6234092712	34.3598318128	35.8435401917	-0.271137738228	17.6307582855
879.773999929	34.6673088074	34.3598318128	35.8481063843	-0.271110010147	17.6331341267
880.960999966	34.8428688049	34.3109075655	35.8188743591	-0.271125936508	17.6280093193
882.131999969	34.7459449768	34.2864447329	35.7832527161	-0.271109580994	17.6363432407
883.30099988	34.7157669067	34.2619814271	35.7622413635	-0.271109318733	17.6417350769
884.483999968	34.8172645569	34.2375176481	35.7293510437	-0.27110877037	17.6390087605
885.654999971	34.532875061	34.2130533954	35.6955451965	-0.271079087257	17.6384723186
886.828999996	34.638961792	34.1885886688	35.6717987061	-0.271077036858	17.6315200329
888.004999876	34.5904884338	34.1396577926	35.6343383789	-0.271051478386	17.6351821423
889.174999952	34.7340812683	34.1151916425	35.6398468018	-0.27104845047	17.6319122314
890.345000029	34.5045509338	34.1151916425	35.6170043945	-0.271048736572	17.6380467415
891.52699995	34.6307563782	34.1396577926	35.6060638428	-0.271049571037	17.6407599449
892.698999882	34.7039413452	34.0662579168	35.5823097229	-0.271051073074	17.6352095604
893.868999958	34.3637428284	34.0417903406	35.5631446838	-0.27102098465	17.6386857033
895.047999859	34.496383667	34.0173222884	35.5412406921	-0.271020579338	17.634652853
896.217999935	34.6637649536	33.9928537601	35.5650177002	-0.270988845825	17.6348388195
897.389999866	34.5796318054	33.9683847552	35.5184135437	-0.270988440514	17.6393651962
898.572000027	34.5723419189	33.9194453148	35.5065689087	-0.2709877491	17.6348996162
899.739000082	34.6208190918	33.9194453148	35.4782409668	-0.270986247063	17.6372218132
900.907999992	34.330909729	33.8949748787	35.4810066223	-0.270955467224	17.6331341267
902.092000008	34.4672088623	33.9194453148	35.4609222412	-0.270954918861	17.6327085495
903.263000011	34.5897865295	33.8215607032	35.4591140747	-0.270955872536	17.6342058182
904.434000015	34.2431335449	33.8215607032	35.4152526855	-0.270924568176	17.6384520531
905.61500001	34.4022979736	33.8215607032	35.3887290955	-0.270925116539	17.6377093792
906.786999941	34.4306221008	33.7970883547	35.3558349609	-0.270924830437	17.6358687878
907.957000017	34.2174949646	33.7726155274	35.3229370117	-0.270893788338	17.6349341869
909.135999918	34.4672088623	33.748142221	35.2946052551	-0.270895290375	17.6356220245
910.305999994	34.3290939331	33.748142221	35.2754135132	-0.270895171165	17.6417565346
911.476000071	34.2394523621	33.7236684352	35.2489089966	-0.2708943367	17.6372158527
912.657999992	34.2129440308	33.6502441986	35.2489242554	-0.270862746239	17.6365554333
913.828000069	34.3163414001	33.6502441986	35.2197341919	-0.270863556862	17.6339662075
914.997999907	34.3246192932	33.6257684923	35.2563095093	-0.270862460136	17.6348662376
916.178999901	34.2944145203	33.5768156371	35.1849975586	-0.270833897591	17.636885643
917.34800005	34.1855278015	33.6012923053	35.1566429138	-0.270834851265	17.6320290565
918.517999887	34.2037963867	33.5523384875	35.1246261597	-0.270834159851	17.6379847527
919.701999903	34.1708602905	33.5278608562	35.0953788757	-0.270804905891	17.6403689384
920.874000072	33.9832992554	33.6012923053	35.066116333	-0.270804214478	17.6348316669
922.04399991	34.0107421875	33.4789041474	35.0451011658	-0.270805191994	17.6378059387
923.221999884	34.0958175659	33.4544250694	35.0213127136	-0.270806694031	17.6324272156
924.394000053	34.0656166077	33.4544250694	34.9820022583	-0.270792412758	17.6363837719
925.563999891	33.9064102173	33.4054654644	34.957321167	-0.270774412155	17.6403129101
926.743999958	33.9320106506	33.4299455084	34.9115905762	-0.270746946335	17.6376342773
927.905999899	33.9109573364	33.3565039257	34.8951072693	-0.270751333237	17.6385474205
929.075000048	33.6757354736	33.3565039257	34.853969574	-0.270743918419	17.6354217529
930.243000031	33.7581138611	33.3075404511	34.8228874207	-0.270742964745	17.6353669167
931.411999941	33.8203125	33.2585750382	34.8109779358	-0.270744872093	17.6370298862
932.573999882	33.628112793	33.2830579871	34.7716522217	-0.270714259148	17.6372015476
933.736000061	33.5264930725	33.2585750382	34.7213401794	-0.270714116096	17.6343166828
934.902999878	33.7855377197	33.2585750382	34.723197937	-0.270714378357	17.6349759102
936.062999964	33.6070594788	33.2340916041	34.6829566956	-0.270699286461	17.6336634159
937.226000071	33.5100364685	33.2096076847	34.6518707275	-0.270682382584	17.633471489
938.385999918	33.575920105	33.1606383883	34.6381263733	-0.270682668686	17.6364803314
939.542000055	33.7123031616	33.1851232795	34.6225738525	-0.270672631264	17.6374423504
940.792000055	33.6509780884	33.1116671467	34.5887451172	-0.270651745796	17.6390016079
941.96600008	33.3754348755	33.1116671467	34.5686531067	-0.270652580261	17.6381361485
943.129999876	33.5658721924	33.0626939576	34.5613327026	-0.270651888847	17.6339316368
944.302000046	33.3534812927	33.0626939576	34.5339050293	-0.270651197433	17.6341927052
945.47300005	33.5173530579	33.0382066321	34.5082893372	-0.270622634888	17.6373314857
946.636999846	33.5585479736	33.0382066321	34.4863395691	-0.270621800423	17.6356971264
947.799999952	33.4395484924	33.0137188188	34.4735374451	-0.270596265793	17.6387262344
948.957999945	33.3800582886	32.9892305174	34.4827346802	-0.270592951775	17.6365494728
950.119999886	33.521068573	32.9892305174	34.4479827881	-0.270594334602	17.6361715794
951.289000034	33.5027809143	32.9157626824	34.4461669922	-0.270594334602	17.6360952854
952.477999926	33.3645401001	32.9157626824	34.4269599915	-0.270593929291	17.6347696781
953.648999929	33.4634132385	32.8912724261	34.39037323	-0.270563292503	17.6375925541
954.818000078	33.4798927307	32.8667816803	34.3583679199	-0.27056286335	17.6385819912
955.993999958	33.3031959534	32.8667816803	34.3464660645	-0.270563411713	17.6360750198
957.159999847	33.285823822	32.8422904448	34.3602371216	-0.270560121536	17.6360547543
958.330999851	33.4314422607	32.7933065033	34.3383102417	-0.27053334713	17.6314580441
959.503000021	33.3737945557	32.7933065033	34.3346710205	-0.270534300804	17.6363635063
960.672999859	33.3948516846	32.7933065033	34.3127174377	-0.270529484749	17.6319599152
961.851000071	33.3957672119	32.7688137968	34.2825279236	-0.270501756668	17.63707757
963.014999866	33.2401123047	32.7443205994	34.2614936829	-0.27050037384	17.6390767097
964.180000067	33.2309799194	32.7198269108	34.2835006714	-0.270498871803	17.6330041885
965.351999998	33.3051986694	32.7198269108	34.2707138062	-0.270469880104	17.6331615448
966.523000002	33.3308334351	32.6463428949	34.2542457581	-0.27046892643	17.6334440708
967.700999975	33.1870536804	32.6463428949	34.2029953003	-0.270467543602	17.6350164413
968.871000051	33.2566413879	32.5973510897	34.1901855469	-0.270466041565	17.6394343376
970.040999889	33.1861076355	32.6218472386	34.1480712891	-0.270439934731	17.6382184029
971.217999935	33.2575531006	32.5728544479	34.1581802368	-0.270441579819	17.6384520531
972.379999876	33.0561180115	32.5728544479	34.1490364075	-0.270439529419	17.635910511
973.552000046	33.1715393066	32.5728544479	34.1380844116	-0.270438551903	17.6326608658
974.718999863	33.1797790527	32.5238596844	34.1207046509	-0.270438146591	17.6380813122
975.889999866	33.0515670776	32.4993615621	34.0621490479	-0.270408201218	17.63630867
977.073999882	32.9957046509	32.450363835	34.0548286438	-0.270409297943	17.6390016079
978.244999886	33.0817947388	32.450363835	34.0356178284	-0.27037756443	17.6355326176
979.414999962	32.9828872681	32.4258642296	33.9889259338	-0.270379209518	17.6336836815
980.595999956	33.1156463623	32.4258642296	33.9797744751	-0.270377969742	17.6365208626
981.764999866	32.9187355042	32.4013641293	33.9687957764	-0.270379757881	17.6364934444
982.934999943	32.8463592529	32.4013641293	33.9230155945	-0.27035036087	17.6377987862
984.116999865	33.035030365	32.3523624427	33.9001426697	-0.270349144936	17.6382255554
985.290999889	32.9690589905	32.3523624427	33.8460960388	-0.27033264637	17.6416397095
986.461999893	32.7574462891	32.3278608558	33.8250465393	-0.270315742493	17.6343226433
987.638999939	32.9507217407	32.3033587729	33.8140678406	-0.270317530632	17.6323103905
988.832000017	32.70337677	32.2788561935	33.764629364	-0.270317268372	17.6379430294
990.006000042	32.694190979	32.3033587729	33.7307319641	-0.27031712532	17.6350927353
991.177000046	32.6740341187	32.2298495446	33.7142601013	-0.270290064812	17.6402246952
992.355000019	32.7491226196	32.2543531176	33.6748809814	-0.270287585258	17.6353943348
993.523000002	32.7619514465	32.2298495446	33.6519966125	-0.270286917686	17.6340281963
994.691999912	32.7133750916	32.1563358412	33.610786438	-0.270286083221	17.6349282265
995.875999928	32.5292243958	32.1808409067	33.5897293091	-0.270255994797	17.6382112503
997.046000004	32.6813163757	32.1563358412	33.5522041321	-0.270255041122	17.638822794
998.213000059	32.6584129333	32.1318302776	33.5677642822	-0.270253396034	17.6327157021
999.375	32.5677261353	32.0828176549	33.561378479	-0.270254087448	17.634344101
1000.54299998	32.5411605835	32.1073242156	33.5229301453	-0.270224142075	17.6343715191
1001.727	32.5988769531	32.0338030363	33.5037078857	-0.270226049423	17.6403963566
1002.89700007	32.5567092896	32.0583105952	33.4606628418	-0.270193076134	17.6420855522
1004.06900001	32.4275169373	32.0092949778	33.4396057129	-0.270213699341	17.6421129704
1005.24900007	32.4852409363	32.0092949778	33.4359436035	-0.270222473145	17.6342892647
1006.42000008	32.3578681946	32.0338030363	33.4149093628	-0.270195150375	17.6299607754
1007.58899999	32.4834327698	31.9357678023	33.4405708313	-0.270187592506	17.6398801804
1008.77099991	32.4734077454	31.9357678023	33.4048919678	-0.270166563988	17.6361298561
1009.94000006	32.5742149353	31.9602773611	33.4021606445	-0.270192956924	17.6430130005
1011.09899998	32.3735466003	31.9112577427	33.3627929688	-0.270165061951	17.6351058483
1012.26499987	32.4431877136	31.9112577427	33.378364563	-0.270165061951	17.636487484
1013.43400002	32.4670143127	31.8622361204	33.323425293	-0.270134019852	17.6356828213
1014.61899996	32.3707923889	31.8622361204	33.3078575134	-0.270136618614	17.6356005669
1015.78999996	32.4652023315	31.8132124919	33.3326034546	-0.270134568214	17.6402795315
1016.96000004	32.2956924438	31.7886999246	33.3015060425	-0.270136213303	17.6393926144
1018.14299989	32.3378677368	31.7641868548	33.3134231567	-0.27010447979	17.636398077
1019.31399989	32.440536499	31.7641868548	33.2841567993	-0.27010447979	17.6375591755
1020.48600006	32.271938324	31.7886999246	33.292427063	-0.270100784302	17.6342892647
1021.66899991	32.255443573	31.7641868548	33.272277832	-0.270075082779	17.6371872425
1022.83599997	32.3269538879	31.7396732823	33.2686386108	-0.270075368881	17.636590004
1024.00600004	32.2050590515	31.7396732823	33.2466659546	-0.270075082779	17.6387536526
1025.18799996	32.3022155762	31.7151592069	33.225605011	-0.270064640045	17.6336634159
1026.35699987	32.3407287598	31.6661295458	33.206401825	-0.270045137405	17.6327157021
1027.52699995	32.293964386	31.6661295458	33.2063713074	-0.270045423508	17.6344192028
1028.70799994	32.0922927856	31.6416139596	33.1633110046	-0.270043349266	17.6341927052
1029.87899995	32.1628494263	31.6170978692	33.1184158325	-0.270014500618	17.6371264458
1031.04999995	32.1472930908	31.6170978692	33.1230239868	-0.270030164719	17.6386034489
1032.23000002	32.2087249756	31.5435465703	33.125793457	-0.270012307167	17.6386034489
1033.398	32.1060905457	31.5680641749	33.1102523804	-0.270012593269	17.6363015175
1034.56900001	32.2830200195	31.5435465703	33.1084442139	-0.269982504845	17.635051012
1035.73000002	32.1299552917	31.5190284605	33.0754776001	-0.269981408119	17.635051012
1036.90100002	32.0520401001	31.5190284605	33.0745582581	-0.269980716705	17.6373660564
1038.07999992	32.1033744812	31.494509845	33.0379257202	-0.269980716705	17.635614872
1039.25099993	32.1198730469	31.5190284605	33.0315208435	-0.26995036602	17.6349830627
1040.42000008	32.1620063782	31.494509845	32.9994316101	-0.269949269295	17.6373255253
1041.60500002	32.0034217834	31.4209509622	32.9646339417	-0.269920682907	17.6358485222
1042.77499986	32.0180931091	31.4209509622	32.9371261597	-0.269890475273	17.63697505
1043.94499993	32.0373153687	31.3964303215	32.9169769287	-0.269889235497	17.6328873634
1045.125	31.9282016754	31.3719091737	32.8656616211	-0.269890332222	17.6350581646
1046.29500008	31.847492218	31.3719091737	32.8473129272	-0.269875907898	17.6288485527
1047.46300006	31.9281482697	31.2983426854	32.8024024963	-0.26989004612	17.6458227634
1048.62100005	31.9400653839	31.322865356	32.7978210449	-0.269832634926	17.6433360577
%
%
