%Comentarios:
%Largo de la muestra: 13.65
%Ancho de la muestra: 4.3
%Espesor de la muestra: 0.45
%Dispositivos y canales utilizados: 
%	 Temperatura de la superior: USB TEMP AI
%		Canal: 1
%	 Temperatura de la muestra: USB TEMP AI
%		 Canal: 0
%	 Temperatura inferior: USB TEMP AI
%		 Canal: 2
%	 Extensometro: USB TEMP AI
%		 Canal: 3
%	 Celda de carga: USB TEMP AI
%		 Canal: 1
%
% Datos por segundo: 1
%
%Tiempo 	 Temperarura inferior 	 Temperatura de la muestra 	 Temperatura superior 	 Extensometro 	 Celda de carga 
%
0.666000127792	20.3725528717	19.7831001282	19.8053512573	-0.748099660873	18.0966055393
1.70200014114	20.3827438354	19.7849578857	19.8007144928	-0.748127794266	18.1031656265
2.73799991608	20.3836688995	19.8025894165	19.8294715881	-0.748097991943	18.1170427799
3.77399992943	20.3818359375	19.7793903351	19.7979354858	-0.748131799698	18.0933487415
4.80999994278	20.3679237366	19.7784671783	19.8248157501	-0.748114061356	18.1131267548
5.84599995613	20.3808917999	19.7951545715	19.8155479431	-0.748146343231	18.0957472324
6.88300013542	20.3743877411	19.7728862762	19.8136730194	-0.748107194901	18.1049859524
7.92000007629	20.3734817505	19.8034954071	19.8136940002	-0.748082637787	18.0687832832
8.95700001717	20.371629715	19.7933006287	19.8322353363	-0.74815788269	18.1248950958
9.99399995804	20.3651199341	19.7663974762	19.8220157623	-0.748155403137	18.1038320065
11.0380001068	20.3428821564	19.7840061188	19.7932815552	-0.748118448257	18.0956983566
12.0710000992	20.3447151184	19.7432003021	19.8062362671	-0.748161172867	18.1235826015
13.1040000916	20.3326454163	19.7385387421	19.7765522003	-0.748120546341	18.0943310261
14.1400001049	20.3372993469	19.7571029663	19.7774963379	-0.748160219193	18.1083726883
15.1800000668	20.3465671539	19.7487602234	19.8015995026	-0.748114919662	18.109369278
16.2160000801	20.3725337982	19.7552719116	19.7942085266	-0.748145675659	18.108689785
17.2520000935	20.3994235992	19.7868118286	19.8303794861	-0.748132753372	18.1086134911
18.2880001068	20.3892288208	19.7812461853	19.8424301147	-0.748116159439	18.0905604362
19.3240001202	20.411485672	19.7673606873	19.8396701813	-0.748143482208	18.0974161625
20.3600001335	20.4068527222	19.7960987091	19.831325531	-0.748070526123	18.1138753891
21.3960001469	20.430015564	19.8007335663	19.8359622955	-0.748161077499	18.0856752396
22.4319999218	20.4170703888	19.8313465118	19.8702850342	-0.74811668396	18.1198179722
23.4679999352	20.4402351379	19.7896347046	19.8563766479	-0.748153066635	18.0941939354
24.5050001144	20.4291400909	19.8378696442	19.8897781372	-0.7481320858	18.1079745293
25.5410001278	20.4588127136	19.8332500458	19.8972148895	-0.748132228851	18.108304739
26.5780000687	20.4578876495	19.8480815887	19.8842353821	-0.748110103607	18.1152153015
27.611000061	20.4662437439	19.8508872986	19.8907489777	-0.748147726059	18.0945646763
28.6449999809	20.4745845795	19.8592300415	19.909286499	-0.748126459122	18.1131339073
29.6790001392	20.4708805084	19.8685016632	19.9120883942	-0.748090600967	18.1199145317
30.7139999866	20.4940643311	19.8713035583	19.9018936157	-0.748180818558	18.0770337582
31.75	20.4996242523	19.8685207367	19.9399242401	-0.748084688187	18.1297588348
32.7860000134	20.5005760193	19.8982105255	19.9287986755	-0.748173284531	18.075838089
33.8220000267	20.5098400116	19.8935756683	19.9186058044	-0.748086071014	18.1225585938
34.8580000401	20.5144710541	19.9028453827	19.9519996643	-0.748152256012	18.0960416794
35.8949999809	20.527469635	19.9009933472	19.9232387543	-0.748119020462	18.1015658379
36.9309999943	20.5079860687	19.8935756683	19.9260215759	-0.748128080368	18.112295866
37.9670000076	20.5126190186	19.8750133514	19.9250679016	-0.748147058487	18.0886363983
39.003000021	20.496843338	19.87408638	19.9093112946	-0.748108720779	18.1208074093
40.0399999619	20.5144462585	19.890794754	19.9065513611	-0.748147296906	18.0839514732
41.0770001411	20.5144710541	19.9075050354	19.9631214142	-0.748101854324	18.1190276146
42.114000082	20.5209827423	19.932554245	19.9733371735	-0.748135662079	18.1022655964
43.1480000019	20.5636196136	19.9316234589	19.960357666	-0.748067378998	18.1419932842
44.1819999218	20.5450935364	19.9251365662	19.965921402	-0.748127555847	18.0656778812
45.2179999352	20.5311775208	19.9139957428	19.9427318573	-0.748022603989	18.1406879425
46.253000021	20.5293254852	19.9177036285	19.9547786713	-0.748140573502	18.0912816525
47.2890000343	20.5153999329	19.8991394043	19.9408512115	-0.748027515411	18.1018948555
48.3259999752	20.4940643311	19.8824291229	19.9185791016	-0.748127937317	18.1274092197
49.3629999161	20.4977474213	19.8620090485	19.8926048279	-0.748082876205	18.0824887753
50.3989999294	20.4699306488	19.8480815887	19.8777446747	-0.748078918457	18.1260967255
51.4349999428	20.4680767059	19.8490123749	19.883310318	-0.748119688034	18.0899965763
52.4720001221	20.4708576202	19.8592071533	19.8814525604	-0.748071336746	18.1049251556
53.5080001354	20.4588127136	19.8471565247	19.8935089111	-0.748118209839	18.1057488918
54.5440001488	20.4662017822	19.8258132935	19.8582572937	-0.748073530197	18.0966877937
55.5810000896	20.4216785431	19.8146400452	19.8294715881	-0.748093080521	18.1136906147
56.617000103	20.406835556	19.7784671783	19.8229618073	-0.748086595535	18.0966258049
57.6530001163	20.3938407898	19.7747383118	19.8062610626	-0.748072576523	18.1088745594
58.6890001297	20.4021835327	19.7812290192	19.8108921051	-0.748092079163	18.1095612049
59.7239999771	20.4086875916	19.7923717499	19.8211078644	-0.748087310791	18.0965232849
60.7590000629	20.4142494202	19.7877368927	19.8257427216	-0.748071622849	18.1074392796
61.8020000458	20.4374294281	19.7942466736	19.8248348236	-0.748101568222	18.1035923958
62.8370001316	20.430015564	19.8100032806	19.8443031311	-0.748071622849	18.1019496918
63.873000145	20.423532486	19.828540802	19.843378067	-0.748103475571	18.1054329872
64.9089999199	20.4188804626	19.7849578857	19.8164749146	-0.748090600967	18.1011259556
65.9449999332	20.4105396271	19.784029007	19.8164749146	-0.748073816299	18.0965578556
66.9820001125	20.4040546417	19.7914447784	19.8034763336	-0.748102378845	18.114233017
68.0180001259	20.4133033752	19.788646698	19.8238925934	-0.748076438904	18.0986940861
69.0559999943	20.4188804626	19.8053512573	19.8294334412	-0.74808921814	18.0989682674
70.1180000305	20.3984775543	19.7821540833	19.8090362549	-0.748107767105	18.1152701378
71.1549999714	20.3966217041	19.8034763336	19.8090362549	-0.748064756393	18.0935621262
72.1920001507	20.4012565613	19.8247966766	19.8099651337	-0.748133993149	18.1278896332
73.2290000916	20.4012565613	19.8563346863	19.8183288574	-0.748041152954	18.0833947659
74.2669999599	20.406835556	19.8303794861	19.8090553284	-0.748117113113	18.1204223633
75.3020000458	20.4207324982	19.8276176453	19.8480110168	-0.748072719574	18.0937814713
76.3380000591	20.4411354065	19.8155651093	19.8489398956	-0.748103380203	18.1085860729
77.3740000725	20.4179725647	19.828540802	19.8452281952	-0.748087835312	18.1103992462
78.4140000343	20.4226036072	19.8498668671	19.831325531	-0.748082637787	18.0904984474
79.4500000477	20.4151935577	19.8387413025	19.8470859528	-0.748102283478	18.1233632565
80.4869999886	20.4272403717	19.852645874	19.8368854523	-0.748073005676	18.0978345871
81.5239999294	20.4189224243	19.892534256	19.850818634	-0.748134660721	18.1192135811
82.5610001087	20.4643478394	19.8647499084	19.8916301727	-0.748074102402	18.0955266953
83.5980000496	20.4606647491	19.9027748108	19.8888702393	-0.748091268539	18.1045198441
84.6370000839	20.4866333008	19.8944549561	19.9055786133	-0.748105573654	18.1079816818
85.6740000248	20.5033321381	19.8898429871	19.9306297302	-0.748090982437	18.1019496918
86.7190001011	20.4922103882	19.8852081299	19.9269218445	-0.748105573654	18.1084489822
87.756000042	20.5098400116	19.8972835541	19.9232387543	-0.748102140427	18.1037771702
88.7929999828	20.5144710541	19.9028453827	19.9176807404	-0.748069429398	18.1013381481
89.8289999962	20.5200309753	19.9167499542	19.9241676331	-0.748101043701	18.105494976
90.8619999886	20.5172767639	19.9399490356	19.95570755	-0.748086595535	18.1021630764
91.8980000019	20.5320987701	19.9149188995	19.9353122711	-0.748089504242	18.1093215942
92.9349999428	20.5543556213	19.9297714233	19.9585056305	-0.748072052002	18.085256815
93.9720001221	20.5534286499	19.9371852875	19.960357666	-0.748103475571	18.1145632267
95.0090000629	20.527469635	19.9241905212	19.9603385925	-0.748057889938	18.0970656872
96.0469999313	20.5293254852	19.9195594788	19.9408740997	-0.748096513748	18.1056594849
97.0850000381	20.5376605988	19.9204845428	19.9538516998	-0.748080682755	18.1137037277
98.123000145	20.5293254852	19.9232654572	19.9547786713	-0.748075771332	18.1005346775
99.1610000134	20.5302467346	19.9177036285	19.9538516998	-0.748102378845	18.1147897243
100.19900012	20.5320987701	19.9353122711	19.9436569214	-0.748071908951	18.0989682674
101.236999989	20.5330276489	19.9353122711	19.9566326141	-0.748102378845	18.1092393398
102.27699995	20.5450725555	19.9316043854	19.9751911163	-0.74805059433	18.0719435215
103.312999964	20.5302677155	19.9371852875	19.9751911163	-0.748130559921	18.1485950947
104.361999989	20.5432376862	19.9279174805	19.9566497803	-0.748037290573	18.0637335777
105.397000074	20.5497245789	19.9381122589	19.9668502808	-0.748147201538	18.1370747089
106.44900012	20.5543556213	19.9186286926	19.9575595856	-0.748023557663	18.0953276157
107.486000061	20.5330276489	19.9056282043	19.941778183	-0.748117351532	18.1020319462
108.529999971	20.5191059113	19.9046726227	19.9158000946	-0.748042917252	18.1206154823
109.569000006	20.5079631805	19.8694267273	19.9018707275	-0.748078632355	18.0770409107
110.607000113	20.5023803711	19.8685016632	19.8972377777	-0.748086071014	18.124833107
111.647000074	20.4958953857	19.8814754486	19.8963108063	-0.748023557663	18.0817258358
112.68900013	20.4736614227	19.8592300415	19.9037265778	-0.748132610321	18.1087303162
113.729000092	20.4717826843	19.8369617462	19.8842353821	-0.748025178909	18.1165134907
114.769999981	20.4606437683	19.8341579437	19.8582572937	-0.748102807999	18.1018817425
115.809000015	20.4485759735	19.8267154694	19.850818634	-0.748063230515	18.102080822
116.84800005	20.4263095856	19.8081512451	19.8331775665	-0.748064899445	18.0863690376
117.888000011	20.4337234497	19.8053665161	19.8201999664	-0.74803647995	18.1155312061
118.926000118	20.4263095856	19.807220459	19.8368854523	-0.748115301132	18.0808460712
119.96600008	20.4448432922	19.7877559662	19.8387413025	-0.748089361191	18.1259739399
121.000999928	20.4263095856	19.8025894165	19.8359622955	-0.748073005676	18.1011462212
122.036999941	20.4142665863	19.7942466736	19.8378162384	-0.748103094101	18.1054401398
123.079999924	20.4253845215	19.8025894165	19.8257656097	-0.748103904724	18.0966258049
124.114000082	20.4012947083	19.8081512451	19.8276176453	-0.748048830032	18.1196188927
125.154000044	20.4059257507	19.8174209595	19.8341083527	-0.748090457916	18.0909717083
126.194000006	20.4207515717	19.8118572235	19.8359622955	-0.748092651367	18.1144189835
127.237999916	20.423532486	19.807220459	19.8155651093	-0.748115873337	18.0750000477
128.279000044	20.423532486	19.7821941376	19.8127861023	-0.748069429398	18.124256134
129.319999933	20.4105606079	19.8155651093	19.8109302521	-0.748079872131	18.0966258049
130.360000134	20.4170455933	19.8007335663	19.843378067	-0.748088932037	18.105199337
131.401000023	20.4012756348	19.7710514069	19.8034954071	-0.748028087616	18.122600317
132.442000151	20.391084671	19.7645606995	19.7895927429	-0.748124504089	18.0763804913
133.48300004	20.3929405212	19.7664165497	19.8211078644	-0.748056936264	18.1124126911
134.523999929	20.3929405212	19.7895927429	19.8294715881	-0.748057603836	18.1119322777
135.562000036	20.3985137939	19.7960987091	19.816493988	-0.748055696487	18.1200039387
136.598999977	20.4022216797	19.7747764587	19.8303966522	-0.748162555695	18.0510318279
137.638000011	20.430015564	19.8109302521	19.8396949768	-0.74801325798	18.1384217739
138.676000118	20.4291152954	19.7942714691	19.8406448364	-0.74811258316	18.0758309364
139.717000008	20.4393348694	19.8212013245	19.8731136322	-0.74801363945	18.1369507313
140.758000135	20.4708576202	19.8768424988	19.8953819275	-0.748121500015	18.0851328373
141.794000149	20.4921894073	19.8555202484	19.8907489777	-0.748033428192	18.1133127213
142.835000038	20.4829235077	19.854593277	19.8814754486	-0.748087406158	18.1185817719
143.875	20.4903373718	19.8490333557	19.8805503845	-0.748082876205	18.086425066
144.911000013	20.488483429	19.86759758	19.8991146088	-0.748055696487	18.1359553337
145.947000027	20.4903564453	19.8685474396	19.9260215759	-0.748119020462	18.0793559551
146.987999916	20.5497055054	19.9084300995	19.9288272858	-0.748047161102	18.124152422
148.029000044	20.547870636	19.9038162231	19.947385788	-0.74812412262	18.0968463421
149.071000099	20.5487976074	19.9214286804	19.941822052	-0.748043727875	18.1010365486
150.111999989	20.5525016785	19.8945484161	19.947385788	-0.748104190826	18.1160879135
151.154000044	20.5469455719	19.9103031158	19.951089859	-0.748059415817	18.0909657478
152.196000099	20.5580615997	19.9075260162	19.9538707733	-0.748091840744	18.1172072887
153.233999968	20.547870636	19.9075260162	19.9622135162	-0.748087835312	18.094984293
154.273999929	20.5487976074	19.9103031158	19.935333252	-0.748055839539	18.1116843224
155.315999985	20.5487976074	19.9149398804	19.9529457092	-0.748102140427	18.1029593945
156.357000113	20.5645465851	19.908449173	19.9362602234	-0.748073816299	18.1075966358
157.398000002	20.5487976074	19.8973293304	19.9288463593	-0.748072862625	18.1026780605
158.434000015	20.5469455719	19.9056720734	19.9408950806	-0.748059940338	18.104224205
159.470000029	20.5348987579	19.9334774017	19.941822052	-0.748093318939	18.1092393398
160.506000042	20.5450935364	19.9186477661	19.932554245	-0.748055124283	18.0933976173
161.542000055	20.5376777649	19.9149398804	19.9557285309	-0.748105144501	18.12240839
162.578000069	20.5497245789	19.9214286804	19.9399681091	-0.748030138016	18.079726696
163.614000082	20.5506496429	19.9344062805	19.9483108521	-0.748090600967	18.1250798702
164.651000023	20.5367527008	19.8862056732	19.9408950806	-0.748057603836	18.0923807621
165.694000006	20.5256156921	19.8926753998	19.9316043854	-0.7480427742	18.0894398689
166.730000019	20.5330276489	19.888967514	19.9213848114	-0.748103237152	18.1330215931
167.771000147	20.5209579468	19.8676204681	19.8898429871	-0.74798784256	18.0680000782
168.805000067	20.5098171234	19.8536891937	19.8916969299	-0.748118066788	18.130171299
169.84100008	20.5005493164	19.8573989868	19.888917923	-0.748029327393	18.0904436111
170.875999928	20.486656189	19.8611049652	19.8898429871	-0.748082637787	18.0996417999
171.913000107	20.5190811157	19.8759384155	19.8907699585	-0.748060894012	18.1142807007
172.94900012	20.5051822662	19.86759758	19.8907699585	-0.748042917252	18.0818009377
173.985000134	20.486656189	19.8564491272	19.8796234131	-0.748095798492	18.1270313263
175.021000147	20.4875564575	19.8221282959	19.8601360321	-0.748018074036	18.0824053288
176.056999922	20.4727115631	19.8202514648	19.8369369507	-0.748105573654	18.1076931953
177.092999935	20.4495239258	19.8221054077	19.8499164581	-0.748058176041	18.1081604958
178.128999949	20.4597167969	19.8007621765	19.8230056763	-0.74807972908	18.0878126621
179.164999962	20.4356002808	19.8202514648	19.8526992798	-0.748073148727	18.1139791012
180.202000141	20.4587917328	19.8323020935	19.8378696442	-0.7480427742	18.0983090401
181.239000082	20.4365310669	19.8016872406	19.8063201904	-0.7480427742	18.1108117104
182.276000023	20.409658432	19.8091011047	19.8443279266	-0.748055124283	18.0912399292
183.309999943	20.4216785431	19.7960987091	19.8239097595	-0.748065471649	18.1268179417
184.345000029	20.4448432922	19.7886867523	19.8211288452	-0.748028898239	18.0887532234
185.378999949	20.423532486	19.7951717377	19.7979564667	-0.748088121414	18.1041073799
186.414000034	20.442987442	19.8081512451	19.8201999664	-0.748022460938	18.1103992462
187.450000048	20.4253845215	19.8415222168	19.8257656097	-0.748087978363	18.1233143806
188.486000061	20.4179725647	19.8331775665	19.8229827881	-0.748032617569	18.1056940556
189.523000002	20.4244594574	19.8201999664	19.8387413025	-0.748076581955	18.1062233448
190.559000015	20.4161205292	19.7905368805	19.8211288452	-0.748082733154	18.1217622757
191.595000029	20.411485672	19.816493988	19.8183498383	-0.74805021286	18.0880045891
192.631000042	20.4244594574	19.7988815308	19.8220558167	-0.748091697693	18.1199419498
193.667999983	20.4290904999	19.8053665161	19.819272995	-0.748041009903	18.0890011787
194.704999924	20.4207515717	19.7970256805	19.8100032806	-0.748075866699	18.1081604958
195.742000103	20.4541072845	19.8146400452	19.816493988	-0.748043584824	18.1010091305
196.779999971	20.409658432	19.8220825195	19.8406200409	-0.748088121414	18.0988168716
197.817000151	20.4337730408	19.8462085724	19.8573322296	-0.748063802719	18.1116640568
198.851999998	20.4384078979	19.8795795441	19.8517684937	-0.748072338104	18.0943524837
199.885999918	20.4764137268	19.8823833466	19.8545703888	-0.748074388504	18.1156003475
200.921000004	20.4662227631	19.8749675751	19.8768234253	-0.748074913025	18.0975532532
201.95600009	20.4727115631	19.8527202606	19.856426239	-0.748073816299	18.1139993668
202.992000103	20.4829235077	19.8583011627	19.8861122131	-0.748074913025	18.1031382084
204.028000116	20.4773654938	19.8462524414	19.8824291229	-0.748075866699	18.1070196629
205.06400013	20.4986953735	19.8666687012	19.9130401611	-0.748074388504	18.1033718586
206.100000143	20.5144710541	19.8704032898	19.934387207	-0.748071908951	18.1029391289
207.137000084	20.533952713	19.9056529999	19.9408950806	-0.748072195053	18.1052064896
208.173000097	20.5534286499	19.9001102448	19.9381122589	-0.74807343483	18.1067180634
209.209000111	20.5367527008	19.9038162231	19.9492378235	-0.748072338104	18.0986940861
210.246000051	20.5543556213	19.9158687592	19.9612884521	-0.748075342178	18.103826046
211.28399992	20.5497245789	19.889913559	19.9529457092	-0.748045921326	18.1123709679
212.321000099	20.5543556213	19.9269886017	19.9362602234	-0.748075199127	18.0986523628
213.35800004	20.5404586792	19.9205036163	19.9547996521	-0.748060083389	18.1116771698
214.39199996	20.5432376862	19.9269886017	19.9687023163	-0.748024082184	18.1299984455
215.424999952	20.5506496429	19.9353542328	19.9557476044	-0.748060369492	18.1005001068
216.459000111	20.5349197388	19.9233036041	19.9696502686	-0.748090982437	18.0938088894
217.493999958	20.543258667	19.9372081757	19.9733600616	-0.748027515411	18.1223392487
218.529999971	20.5506725311	19.9335002899	19.9770679474	-0.748104333878	18.0884718895
219.565999985	20.5460166931	19.9316234589	19.935333252	-0.748044586182	18.1187391281
220.601999998	20.5404815674	19.9483337402	19.9705791473	-0.748068618774	18.0952858925
221.638000011	20.5655212402	19.9548492432	19.9891452789	-0.748061609268	18.106367588
222.674000025	20.5627441406	19.974313736	19.9845104218	-0.748059940338	18.1081461906
223.710999966	20.5590381622	19.9576301575	19.9789505005	-0.748075485229	18.1026101112
224.749000072	20.5395565033	19.9566726685	19.967798233	-0.748082637787	18.0882930756
225.785000086	20.5237846375	19.9279174805	19.965921402	-0.74804649353	18.1157100201
%
%
