/*Tiempo de exposicion:	12	9	9	6	6
/*Numero de Scans	1	1	1	1	1
/*Scans Ignorados	0	0	0	0	0
/*Modo de Adquiquisicion	1 	1 	1 	1 	1 
/*Temperatura del detector	0 	0 	0 	0 	0 
/*Red	1	1	1	1	1
/*Posicion del Contador	000	000	000	000	000
/*Archivo:	barridoP_0064.OMAIII	barridoP_0063.OMAIII	barridoP_0063.OMAIII	barridoP_0062.OMAIII	barridoP_0062.OMAIII
1	60.0	61.0	61.0	60.0	60.0
2	542.0	353.0	353.0	163.0	163.0
3	712.0	534.0	534.0	355.0	355.0
4	828.0	643.0	643.0	460.0	460.0
5	823.0	639.0	639.0	452.0	452.0
6	781.0	603.0	603.0	424.0	424.0
7	803.0	620.0	620.0	435.0	435.0
8	802.0	622.0	622.0	441.0	441.0
9	835.0	648.0	648.0	459.0	459.0
10	792.0	609.0	609.0	427.0	427.0
11	797.0	616.0	616.0	432.0	432.0
12	824.0	641.0	641.0	459.0	459.0
13	785.0	609.0	609.0	430.0	430.0
14	779.0	599.0	599.0	420.0	420.0
15	821.0	634.0	634.0	445.0	445.0
16	837.0	650.0	650.0	461.0	461.0
17	884.0	684.0	684.0	482.0	482.0
18	778.0	600.0	600.0	420.0	420.0
19	1052.0	808.0	808.0	562.0	562.0
20	792.0	615.0	615.0	436.0	436.0
21	854.0	661.0	661.0	466.0	466.0
22	821.0	635.0	635.0	448.0	448.0
23	780.0	604.0	604.0	424.0	424.0
24	813.0	631.0	631.0	450.0	450.0
25	901.0	697.0	697.0	489.0	489.0
26	935.0	718.0	718.0	500.0	500.0
27	860.0	663.0	663.0	465.0	465.0
28	812.0	630.0	630.0	447.0	447.0
29	950.0	734.0	734.0	515.0	515.0
30	857.0	661.0	661.0	462.0	462.0
31	806.0	622.0	622.0	437.0	437.0
32	820.0	637.0	637.0	451.0	451.0
33	783.0	607.0	607.0	430.0	430.0
34	803.0	619.0	619.0	433.0	433.0
35	778.0	599.0	599.0	420.0	420.0
36	820.0	638.0	638.0	453.0	453.0
37	830.0	646.0	646.0	459.0	459.0
38	778.0	600.0	600.0	421.0	421.0
39	803.0	620.0	620.0	438.0	438.0
40	796.0	619.0	619.0	439.0	439.0
41	821.0	636.0	636.0	449.0	449.0
42	785.0	605.0	605.0	426.0	426.0
43	773.0	598.0	598.0	422.0	422.0
44	783.0	609.0	609.0	432.0	432.0
45	820.0	635.0	635.0	449.0	449.0
46	794.0	614.0	614.0	432.0	432.0
47	816.0	630.0	630.0	443.0	443.0
48	780.0	607.0	607.0	431.0	431.0
49	829.0	642.0	642.0	454.0	454.0
50	827.0	636.0	636.0	446.0	446.0
51	990.0	761.0	761.0	532.0	532.0
52	822.0	637.0	637.0	451.0	451.0
53	794.0	617.0	617.0	438.0	438.0
54	829.0	640.0	640.0	449.0	449.0
55	813.0	631.0	631.0	443.0	443.0
56	804.0	625.0	625.0	443.0	443.0
57	781.0	605.0	605.0	430.0	430.0
58	783.0	604.0	604.0	425.0	425.0
59	806.0	624.0	624.0	438.0	438.0
60	883.0	683.0	683.0	482.0	482.0
61	813.0	630.0	630.0	445.0	445.0
62	783.0	604.0	604.0	424.0	424.0
63	804.0	622.0	622.0	439.0	439.0
64	828.0	643.0	643.0	457.0	457.0
65	797.0	618.0	618.0	438.0	438.0
66	781.0	603.0	603.0	424.0	424.0
67	783.0	606.0	606.0	426.0	426.0
68	799.0	621.0	621.0	441.0	441.0
69	798.0	618.0	618.0	437.0	437.0
70	789.0	608.0	608.0	428.0	428.0
71	799.0	616.0	616.0	435.0	435.0
72	804.0	623.0	623.0	443.0	443.0
73	803.0	622.0	622.0	440.0	440.0
74	804.0	622.0	622.0	437.0	437.0
75	801.0	620.0	620.0	436.0	436.0
76	805.0	624.0	624.0	443.0	443.0
77	783.0	607.0	607.0	430.0	430.0
78	817.0	632.0	632.0	446.0	446.0
79	804.0	621.0	621.0	437.0	437.0
80	802.0	623.0	623.0	443.0	443.0
81	794.0	615.0	615.0	435.0	435.0
82	806.0	621.0	621.0	436.0	436.0
83	820.0	634.0	634.0	446.0	446.0
84	824.0	642.0	642.0	455.0	455.0
85	800.0	619.0	619.0	437.0	437.0
86	785.0	608.0	608.0	429.0	429.0
87	841.0	650.0	650.0	457.0	457.0
88	799.0	619.0	619.0	439.0	439.0
89	818.0	633.0	633.0	449.0	449.0
90	791.0	612.0	612.0	432.0	432.0
91	780.0	604.0	604.0	425.0	425.0
92	821.0	635.0	635.0	451.0	451.0
93	807.0	626.0	626.0	444.0	444.0
94	849.0	654.0	654.0	458.0	458.0
95	829.0	640.0	640.0	450.0	450.0
96	803.0	624.0	624.0	441.0	441.0
97	835.0	647.0	647.0	458.0	458.0
98	785.0	606.0	606.0	426.0	426.0
99	822.0	635.0	635.0	447.0	447.0
100	882.0	683.0	683.0	483.0	483.0
101	799.0	618.0	618.0	437.0	437.0
102	869.0	678.0	678.0	475.0	475.0
103	789.0	610.0	610.0	431.0	431.0
104	804.0	626.0	626.0	446.0	446.0
105	797.0	618.0	618.0	439.0	439.0
106	771.0	597.0	597.0	421.0	421.0
107	822.0	635.0	635.0	447.0	447.0
108	782.0	607.0	607.0	432.0	432.0
109	790.0	613.0	613.0	434.0	434.0
110	754.0	582.0	582.0	409.0	409.0
111	791.0	612.0	612.0	432.0	432.0
112	811.0	630.0	630.0	447.0	447.0
113	818.0	635.0	635.0	449.0	449.0
114	800.0	618.0	618.0	433.0	433.0
115	782.0	605.0	605.0	425.0	425.0
116	795.0	617.0	617.0	439.0	439.0
117	816.0	634.0	634.0	450.0	450.0
118	773.0	597.0	597.0	421.0	421.0
119	787.0	608.0	608.0	427.0	427.0
120	975.0	754.0	754.0	529.0	529.0
121	798.0	624.0	624.0	447.0	447.0
122	775.0	598.0	598.0	421.0	421.0
123	813.0	629.0	629.0	446.0	446.0
124	786.0	609.0	609.0	433.0	433.0
125	809.0	630.0	630.0	450.0	450.0
126	773.0	597.0	597.0	422.0	422.0
127	837.0	646.0	646.0	455.0	455.0
128	793.0	617.0	617.0	438.0	438.0
129	786.0	612.0	612.0	435.0	435.0
130	773.0	598.0	598.0	420.0	420.0
131	826.0	638.0	638.0	449.0	449.0
132	798.0	620.0	620.0	440.0	440.0
133	792.0	616.0	616.0	440.0	440.0
134	775.0	600.0	600.0	422.0	422.0
135	776.0	601.0	601.0	428.0	428.0
136	793.0	616.0	616.0	438.0	438.0
137	895.0	692.0	692.0	489.0	489.0
138	833.0	641.0	641.0	450.0	450.0
139	783.0	607.0	607.0	427.0	427.0
140	819.0	636.0	636.0	452.0	452.0
141	874.0	676.0	676.0	476.0	476.0
142	1102.0	848.0	848.0	589.0	589.0
143	766.0	591.0	591.0	416.0	416.0
144	848.0	657.0	657.0	465.0	465.0
145	810.0	627.0	627.0	446.0	446.0
146	770.0	596.0	596.0	419.0	419.0
147	789.0	612.0	612.0	430.0	430.0
148	775.0	604.0	604.0	430.0	430.0
149	791.0	614.0	614.0	434.0	434.0
150	821.0	633.0	633.0	446.0	446.0
151	772.0	596.0	596.0	422.0	422.0
152	810.0	628.0	628.0	446.0	446.0
153	800.0	620.0	620.0	439.0	439.0
154	919.0	708.0	708.0	495.0	495.0
155	765.0	593.0	593.0	419.0	419.0
156	772.0	600.0	600.0	427.0	427.0
157	809.0	626.0	626.0	443.0	443.0
158	758.0	586.0	586.0	412.0	412.0
159	803.0	620.0	620.0	437.0	437.0
160	773.0	601.0	601.0	428.0	428.0
161	781.0	605.0	605.0	429.0	429.0
162	771.0	596.0	596.0	419.0	419.0
163	785.0	608.0	608.0	428.0	428.0
164	812.0	630.0	630.0	448.0	448.0
165	845.0	655.0	655.0	462.0	462.0
166	823.0	637.0	637.0	446.0	446.0
167	789.0	610.0	610.0	431.0	431.0
168	811.0	630.0	630.0	447.0	447.0
169	777.0	603.0	603.0	429.0	429.0
170	835.0	645.0	645.0	454.0	454.0
171	802.0	620.0	620.0	437.0	437.0
172	793.0	616.0	616.0	437.0	437.0
173	792.0	614.0	614.0	436.0	436.0
174	784.0	605.0	605.0	427.0	427.0
175	791.0	610.0	610.0	429.0	429.0
176	838.0	651.0	651.0	461.0	461.0
177	778.0	605.0	605.0	429.0	429.0
178	750.0	580.0	580.0	409.0	409.0
179	814.0	629.0	629.0	443.0	443.0
180	788.0	611.0	611.0	435.0	435.0
181	776.0	603.0	603.0	429.0	429.0
182	901.0	695.0	695.0	486.0	486.0
183	788.0	609.0	609.0	430.0	430.0
184	842.0	653.0	653.0	462.0	462.0
185	783.0	607.0	607.0	430.0	430.0
186	792.0	612.0	612.0	429.0	429.0
187	788.0	610.0	610.0	430.0	430.0
188	778.0	606.0	606.0	430.0	430.0
189	793.0	615.0	615.0	437.0	437.0
190	770.0	596.0	596.0	419.0	419.0
191	778.0	601.0	601.0	424.0	424.0
192	919.0	710.0	710.0	502.0	502.0
193	769.0	596.0	596.0	422.0	422.0
194	810.0	625.0	625.0	439.0	439.0
195	858.0	663.0	663.0	466.0	466.0
196	801.0	621.0	621.0	441.0	441.0
197	773.0	601.0	601.0	426.0	426.0
198	818.0	632.0	632.0	444.0	444.0
199	941.0	726.0	726.0	510.0	510.0
200	805.0	626.0	626.0	445.0	445.0
201	827.0	641.0	641.0	454.0	454.0
202	838.0	646.0	646.0	453.0	453.0
203	798.0	616.0	616.0	434.0	434.0
204	836.0	650.0	650.0	461.0	461.0
205	880.0	681.0	681.0	480.0	480.0
206	826.0	638.0	638.0	448.0	448.0
207	798.0	617.0	617.0	436.0	436.0
208	820.0	636.0	636.0	451.0	451.0
209	796.0	616.0	616.0	437.0	437.0
210	792.0	613.0	613.0	431.0	431.0
211	821.0	635.0	635.0	449.0	449.0
212	806.0	626.0	626.0	445.0	445.0
213	852.0	658.0	658.0	465.0	465.0
214	763.0	591.0	591.0	416.0	416.0
215	804.0	621.0	621.0	438.0	438.0
216	784.0	608.0	608.0	432.0	432.0
217	820.0	636.0	636.0	451.0	451.0
218	791.0	611.0	611.0	431.0	431.0
219	1119.0	862.0	862.0	598.0	598.0
220	800.0	623.0	623.0	442.0	442.0
221	849.0	657.0	657.0	464.0	464.0
222	788.0	609.0	609.0	429.0	429.0
223	790.0	611.0	611.0	429.0	429.0
224	775.0	603.0	603.0	428.0	428.0
225	812.0	631.0	631.0	447.0	447.0
226	823.0	634.0	634.0	447.0	447.0
227	893.0	689.0	689.0	483.0	483.0
228	783.0	608.0	608.0	432.0	432.0
229	818.0	632.0	632.0	448.0	448.0
230	795.0	615.0	615.0	432.0	432.0
231	793.0	613.0	613.0	431.0	431.0
232	815.0	635.0	635.0	449.0	449.0
233	818.0	635.0	635.0	450.0	450.0
234	767.0	594.0	594.0	420.0	420.0
235	799.0	618.0	618.0	437.0	437.0
236	781.0	606.0	606.0	432.0	432.0
237	796.0	618.0	618.0	437.0	437.0
238	846.0	653.0	653.0	458.0	458.0
239	824.0	637.0	637.0	448.0	448.0
240	793.0	615.0	615.0	437.0	437.0
241	789.0	614.0	614.0	435.0	435.0
242	792.0	612.0	612.0	429.0	429.0
243	806.0	624.0	624.0	439.0	439.0
244	834.0	648.0	648.0	460.0	460.0
245	798.0	618.0	618.0	439.0	439.0
246	815.0	628.0	628.0	442.0	442.0
247	783.0	604.0	604.0	426.0	426.0
248	811.0	631.0	631.0	447.0	447.0
249	794.0	615.0	615.0	438.0	438.0
250	807.0	620.0	620.0	436.0	436.0
251	810.0	626.0	626.0	443.0	443.0
252	821.0	638.0	638.0	452.0	452.0
253	804.0	623.0	623.0	440.0	440.0
254	862.0	666.0	666.0	468.0	468.0
255	816.0	630.0	630.0	443.0	443.0
256	873.0	678.0	678.0	479.0	479.0
257	770.0	596.0	596.0	423.0	423.0
258	800.0	619.0	619.0	436.0	436.0
259	810.0	628.0	628.0	442.0	442.0
260	787.0	611.0	611.0	434.0	434.0
261	821.0	636.0	636.0	450.0	450.0
262	864.0	666.0	666.0	468.0	468.0
263	810.0	626.0	626.0	441.0	441.0
264	853.0	663.0	663.0	470.0	470.0
265	818.0	633.0	633.0	448.0	448.0
266	790.0	610.0	610.0	430.0	430.0
267	865.0	669.0	669.0	470.0	470.0
268	850.0	660.0	660.0	469.0	469.0
269	842.0	654.0	654.0	462.0	462.0
270	831.0	641.0	641.0	450.0	450.0
271	818.0	633.0	633.0	444.0	444.0
272	847.0	657.0	657.0	465.0	465.0
273	794.0	616.0	616.0	438.0	438.0
274	1004.0	774.0	774.0	539.0	539.0
275	823.0	636.0	636.0	448.0	448.0
276	828.0	642.0	642.0	456.0	456.0
277	787.0	610.0	610.0	432.0	432.0
278	886.0	684.0	684.0	479.0	479.0
279	811.0	626.0	626.0	441.0	441.0
280	849.0	659.0	659.0	466.0	466.0
281	833.0	646.0	646.0	458.0	458.0
282	844.0	649.0	649.0	456.0	456.0
283	824.0	637.0	637.0	448.0	448.0
284	815.0	633.0	633.0	450.0	450.0
285	823.0	638.0	638.0	453.0	453.0
286	789.0	611.0	611.0	430.0	430.0
287	849.0	656.0	656.0	460.0	460.0
288	819.0	635.0	635.0	451.0	451.0
289	801.0	622.0	622.0	441.0	441.0
290	827.0	639.0	639.0	449.0	449.0
291	858.0	663.0	663.0	467.0	467.0
292	803.0	624.0	624.0	444.0	444.0
293	812.0	629.0	629.0	445.0	445.0
294	782.0	605.0	605.0	427.0	427.0
295	815.0	631.0	631.0	446.0	446.0
296	822.0	638.0	638.0	454.0	454.0
297	810.0	628.0	628.0	444.0	444.0
298	815.0	629.0	629.0	441.0	441.0
299	799.0	618.0	618.0	436.0	436.0
300	826.0	642.0	642.0	455.0	455.0
301	807.0	629.0	629.0	446.0	446.0
302	774.0	599.0	599.0	421.0	421.0
303	817.0	631.0	631.0	444.0	444.0
304	827.0	642.0	642.0	455.0	455.0
305	817.0	633.0	633.0	448.0	448.0
306	818.0	632.0	632.0	444.0	444.0
307	837.0	648.0	648.0	457.0	457.0
308	860.0	668.0	668.0	473.0	473.0
309	806.0	627.0	627.0	443.0	443.0
310	802.0	618.0	618.0	435.0	435.0
311	805.0	623.0	623.0	439.0	439.0
312	875.0	678.0	678.0	481.0	481.0
313	866.0	671.0	671.0	474.0	474.0
314	802.0	620.0	620.0	437.0	437.0
315	825.0	638.0	638.0	450.0	450.0
316	876.0	679.0	679.0	480.0	480.0
317	872.0	676.0	676.0	475.0	475.0
318	829.0	641.0	641.0	451.0	451.0
319	858.0	664.0	664.0	466.0	466.0
320	820.0	637.0	637.0	451.0	451.0
321	804.0	624.0	624.0	444.0	444.0
322	854.0	659.0	659.0	463.0	463.0
323	809.0	626.0	626.0	442.0	442.0
324	872.0	676.0	676.0	480.0	480.0
325	822.0	638.0	638.0	452.0	452.0
326	852.0	656.0	656.0	459.0	459.0
327	853.0	658.0	658.0	463.0	463.0
328	831.0	645.0	645.0	460.0	460.0
329	1012.0	782.0	782.0	548.0	548.0
330	832.0	643.0	643.0	451.0	451.0
331	816.0	631.0	631.0	443.0	443.0
332	888.0	688.0	688.0	488.0	488.0
333	841.0	652.0	652.0	461.0	461.0
334	852.0	658.0	658.0	463.0	463.0
335	807.0	622.0	622.0	440.0	440.0
336	813.0	631.0	631.0	449.0	449.0
337	834.0	646.0	646.0	455.0	455.0
338	851.0	656.0	656.0	462.0	462.0
339	763.0	590.0	590.0	417.0	417.0
340	796.0	618.0	618.0	439.0	439.0
341	857.0	663.0	663.0	470.0	470.0
342	788.0	609.0	609.0	429.0	429.0
343	809.0	627.0	627.0	442.0	442.0
344	818.0	634.0	634.0	451.0	451.0
345	838.0	651.0	651.0	461.0	461.0
346	835.0	645.0	645.0	455.0	455.0
347	802.0	620.0	620.0	437.0	437.0
348	813.0	631.0	631.0	449.0	449.0
349	818.0	634.0	634.0	450.0	450.0
350	804.0	622.0	622.0	439.0	439.0
351	827.0	639.0	639.0	449.0	449.0
352	808.0	629.0	629.0	448.0	448.0
353	864.0	670.0	670.0	474.0	474.0
354	837.0	645.0	645.0	453.0	453.0
355	807.0	623.0	623.0	440.0	440.0
356	833.0	648.0	648.0	459.0	459.0
357	818.0	633.0	633.0	448.0	448.0
358	810.0	626.0	626.0	440.0	440.0
359	789.0	611.0	611.0	432.0	432.0
360	832.0	646.0	646.0	460.0	460.0
361	786.0	609.0	609.0	434.0	434.0
362	864.0	667.0	667.0	467.0	467.0
363	795.0	615.0	615.0	434.0	434.0
364	834.0	648.0	648.0	461.0	461.0
365	806.0	625.0	625.0	442.0	442.0
366	785.0	608.0	608.0	429.0	429.0
367	822.0	635.0	635.0	446.0	446.0
368	802.0	623.0	623.0	444.0	444.0
369	797.0	619.0	619.0	442.0	442.0
370	842.0	651.0	651.0	458.0	458.0
371	776.0	602.0	602.0	425.0	425.0
372	857.0	665.0	665.0	472.0	472.0
373	822.0	637.0	637.0	451.0	451.0
374	863.0	666.0	666.0	468.0	468.0
375	835.0	646.0	646.0	455.0	455.0
376	807.0	627.0	627.0	447.0	447.0
377	841.0	651.0	651.0	460.0	460.0
378	797.0	615.0	615.0	433.0	433.0
379	807.0	623.0	623.0	438.0	438.0
380	805.0	625.0	625.0	445.0	445.0
381	861.0	667.0	667.0	473.0	473.0
382	903.0	698.0	698.0	489.0	489.0
383	856.0	663.0	663.0	465.0	465.0
384	910.0	706.0	706.0	500.0	500.0
385	877.0	677.0	677.0	479.0	479.0
386	813.0	629.0	629.0	443.0	443.0
387	817.0	630.0	630.0	444.0	444.0
388	810.0	630.0	630.0	450.0	450.0
389	801.0	621.0	621.0	441.0	441.0
390	890.0	686.0	686.0	481.0	481.0
391	968.0	744.0	744.0	522.0	522.0
392	823.0	641.0	641.0	455.0	455.0
393	827.0	641.0	641.0	454.0	454.0
394	791.0	611.0	611.0	431.0	431.0
395	837.0	648.0	648.0	457.0	457.0
396	822.0	640.0	640.0	454.0	454.0
397	778.0	604.0	604.0	428.0	428.0
398	785.0	607.0	607.0	427.0	427.0
399	864.0	667.0	667.0	468.0	468.0
400	849.0	659.0	659.0	468.0	468.0
401	846.0	656.0	656.0	465.0	465.0
402	799.0	617.0	617.0	434.0	434.0
403	823.0	643.0	643.0	450.0	450.0
404	822.0	640.0	640.0	454.0	454.0
405	811.0	630.0	630.0	446.0	446.0
406	790.0	612.0	612.0	430.0	430.0
407	833.0	644.0	644.0	454.0	454.0
408	905.0	704.0	704.0	497.0	497.0
409	824.0	639.0	639.0	452.0	452.0
410	854.0	659.0	659.0	463.0	463.0
411	830.0	643.0	643.0	452.0	452.0
412	831.0	646.0	646.0	459.0	459.0
413	845.0	656.0	656.0	465.0	465.0
414	832.0	643.0	643.0	452.0	452.0
415	859.0	663.0	663.0	467.0	467.0
416	973.0	751.0	751.0	530.0	530.0
417	1010.0	779.0	779.0	546.0	546.0
418	828.0	640.0	640.0	451.0	451.0
419	802.0	621.0	621.0	438.0	438.0
420	846.0	657.0	657.0	467.0	467.0
421	997.0	769.0	769.0	541.0	541.0
422	820.0	633.0	633.0	444.0	444.0
423	836.0	647.0	647.0	454.0	454.0
424	842.0	654.0	654.0	463.0	463.0
425	885.0	685.0	685.0	484.0	484.0
426	813.0	628.0	628.0	441.0	441.0
427	830.0	644.0	644.0	452.0	452.0
428	820.0	637.0	637.0	453.0	453.0
429	801.0	622.0	622.0	442.0	442.0
430	821.0	633.0	633.0	445.0	445.0
431	872.0	674.0	674.0	476.0	476.0
432	864.0	670.0	670.0	477.0	477.0
433	806.0	624.0	624.0	444.0	444.0
434	866.0	670.0	670.0	470.0	470.0
435	857.0	660.0	660.0	464.0	464.0
436	848.0	658.0	658.0	467.0	467.0
437	841.0	653.0	653.0	462.0	462.0
438	810.0	627.0	627.0	440.0	440.0
439	857.0	663.0	663.0	464.0	464.0
440	809.0	628.0	628.0	449.0	449.0
441	801.0	623.0	623.0	439.0	439.0
442	823.0	635.0	635.0	447.0	447.0
443	820.0	635.0	635.0	445.0	445.0
444	854.0	663.0	663.0	471.0	471.0
445	881.0	683.0	683.0	483.0	483.0
446	809.0	625.0	625.0	440.0	440.0
447	874.0	674.0	674.0	477.0	477.0
448	851.0	661.0	661.0	468.0	468.0
449	796.0	618.0	618.0	437.0	437.0
450	823.0	635.0	635.0	447.0	447.0
451	815.0	631.0	631.0	444.0	444.0
452	800.0	622.0	622.0	442.0	442.0
453	826.0	642.0	642.0	456.0	456.0
454	841.0	650.0	650.0	456.0	456.0
455	820.0	633.0	633.0	446.0	446.0
456	842.0	653.0	653.0	465.0	465.0
457	856.0	664.0	664.0	469.0	469.0
458	796.0	615.0	615.0	433.0	433.0
459	794.0	613.0	613.0	433.0	433.0
460	904.0	701.0	701.0	497.0	497.0
461	894.0	692.0	692.0	489.0	489.0
462	814.0	628.0	628.0	442.0	442.0
463	823.0	635.0	635.0	447.0	447.0
464	831.0	647.0	647.0	460.0	460.0
465	896.0	694.0	694.0	490.0	490.0
466	791.0	612.0	612.0	431.0	431.0
467	791.0	613.0	613.0	432.0	432.0
468	838.0	650.0	650.0	463.0	463.0
469	804.0	623.0	623.0	441.0	441.0
470	852.0	658.0	658.0	463.0	463.0
471	815.0	630.0	630.0	445.0	445.0
472	819.0	636.0	636.0	453.0	453.0
473	810.0	630.0	630.0	447.0	447.0
474	825.0	640.0	640.0	451.0	451.0
475	828.0	640.0	640.0	450.0	450.0
476	853.0	663.0	663.0	471.0	471.0
477	842.0	653.0	653.0	464.0	464.0
478	823.0	636.0	636.0	447.0	447.0
479	809.0	626.0	626.0	442.0	442.0
480	855.0	664.0	664.0	471.0	471.0
481	845.0	652.0	652.0	463.0	463.0
482	926.0	714.0	714.0	499.0	499.0
483	804.0	621.0	621.0	440.0	440.0
484	818.0	635.0	635.0	452.0	452.0
485	810.0	629.0	629.0	446.0	446.0
486	843.0	653.0	653.0	459.0	459.0
487	851.0	658.0	658.0	462.0	462.0
488	820.0	637.0	637.0	453.0	453.0
489	822.0	637.0	637.0	452.0	452.0
490	828.0	639.0	639.0	451.0	451.0
491	829.0	641.0	641.0	451.0	451.0
492	887.0	688.0	688.0	486.0	486.0
493	828.0	644.0	644.0	456.0	456.0
494	827.0	639.0	639.0	450.0	450.0
495	851.0	658.0	658.0	462.0	462.0
496	811.0	630.0	630.0	448.0	448.0
497	862.0	670.0	670.0	472.0	472.0
498	845.0	654.0	654.0	458.0	458.0
499	846.0	654.0	654.0	460.0	460.0
500	866.0	673.0	673.0	479.0	479.0
501	828.0	642.0	642.0	455.0	455.0
502	834.0	645.0	645.0	453.0	453.0
503	857.0	663.0	663.0	467.0	467.0
504	842.0	655.0	655.0	467.0	467.0
505	832.0	646.0	646.0	459.0	459.0
506	796.0	614.0	614.0	432.0	432.0
507	820.0	635.0	635.0	447.0	447.0
508	928.0	719.0	719.0	509.0	509.0
509	828.0	643.0	643.0	457.0	457.0
510	827.0	640.0	640.0	450.0	450.0
511	855.0	660.0	660.0	464.0	464.0
512	868.0	675.0	675.0	477.0	477.0
513	878.0	681.0	681.0	482.0	482.0
514	792.0	613.0	613.0	431.0	431.0
515	802.0	621.0	621.0	436.0	436.0
516	839.0	650.0	650.0	462.0	462.0
517	816.0	634.0	634.0	452.0	452.0
518	813.0	629.0	629.0	442.0	442.0
519	799.0	616.0	616.0	435.0	435.0
520	814.0	632.0	632.0	451.0	451.0
521	836.0	648.0	648.0	460.0	460.0
522	822.0	635.0	635.0	448.0	448.0
523	807.0	625.0	625.0	438.0	438.0
524	822.0	639.0	639.0	453.0	453.0
525	822.0	639.0	639.0	453.0	453.0
526	850.0	657.0	657.0	461.0	461.0
527	867.0	669.0	669.0	470.0	470.0
528	792.0	617.0	617.0	439.0	439.0
529	867.0	672.0	672.0	475.0	475.0
530	842.0	651.0	651.0	458.0	458.0
531	864.0	667.0	667.0	469.0	469.0
532	890.0	690.0	690.0	489.0	489.0
533	867.0	672.0	672.0	475.0	475.0
534	857.0	661.0	661.0	465.0	465.0
535	832.0	642.0	642.0	453.0	453.0
536	857.0	665.0	665.0	472.0	472.0
537	825.0	641.0	641.0	455.0	455.0
538	830.0	643.0	643.0	453.0	453.0
539	807.0	624.0	624.0	440.0	440.0
540	887.0	690.0	690.0	488.0	488.0
541	870.0	674.0	674.0	477.0	477.0
542	834.0	645.0	645.0	453.0	453.0
543	799.0	618.0	618.0	435.0	435.0
544	811.0	632.0	632.0	450.0	450.0
545	824.0	640.0	640.0	454.0	454.0
546	832.0	643.0	643.0	452.0	452.0
547	793.0	613.0	613.0	432.0	432.0
548	845.0	657.0	657.0	467.0	467.0
549	847.0	657.0	657.0	466.0	466.0
550	791.0	613.0	613.0	430.0	430.0
551	862.0	666.0	666.0	469.0	469.0
552	822.0	639.0	639.0	455.0	455.0
553	849.0	659.0	659.0	466.0	466.0
554	790.0	612.0	612.0	430.0	430.0
555	807.0	625.0	625.0	441.0	441.0
556	865.0	670.0	670.0	475.0	475.0
557	844.0	654.0	654.0	464.0	464.0
558	833.0	645.0	645.0	454.0	454.0
559	808.0	625.0	625.0	441.0	441.0
560	861.0	669.0	669.0	473.0	473.0
561	805.0	624.0	624.0	445.0	445.0
562	808.0	625.0	625.0	440.0	440.0
563	789.0	610.0	610.0	431.0	431.0
564	832.0	648.0	648.0	462.0	462.0
565	791.0	615.0	615.0	436.0	436.0
566	817.0	631.0	631.0	445.0	445.0
567	799.0	619.0	619.0	438.0	438.0
568	838.0	652.0	652.0	462.0	462.0
569	861.0	666.0	666.0	472.0	472.0
570	811.0	626.0	626.0	441.0	441.0
571	813.0	629.0	629.0	444.0	444.0
572	801.0	624.0	624.0	443.0	443.0
573	854.0	662.0	662.0	468.0	468.0
574	808.0	625.0	625.0	441.0	441.0
575	832.0	643.0	643.0	452.0	452.0
576	852.0	663.0	663.0	472.0	472.0
577	805.0	625.0	625.0	444.0	444.0
578	841.0	649.0	649.0	456.0	456.0
579	809.0	626.0	626.0	441.0	441.0
580	847.0	658.0	658.0	467.0	467.0
581	795.0	618.0	618.0	438.0	438.0
582	809.0	625.0	625.0	439.0	439.0
583	895.0	691.0	691.0	485.0	485.0
584	818.0	636.0	636.0	452.0	452.0
585	831.0	643.0	643.0	455.0	455.0
586	811.0	627.0	627.0	441.0	441.0
587	819.0	634.0	634.0	445.0	445.0
588	809.0	628.0	628.0	446.0	446.0
589	848.0	658.0	658.0	466.0	466.0
590	781.0	604.0	604.0	426.0	426.0
591	824.0	641.0	641.0	452.0	452.0
592	810.0	630.0	630.0	449.0	449.0
593	790.0	614.0	614.0	436.0	436.0
594	816.0	631.0	631.0	444.0	444.0
595	829.0	641.0	641.0	451.0	451.0
596	796.0	618.0	618.0	439.0	439.0
597	816.0	633.0	633.0	449.0	449.0
598	794.0	615.0	615.0	434.0	434.0
599	847.0	655.0	655.0	460.0	460.0
600	853.0	663.0	663.0	473.0	473.0
601	811.0	629.0	629.0	445.0	445.0
602	810.0	627.0	627.0	440.0	440.0
603	872.0	671.0	671.0	473.0	473.0
604	800.0	623.0	623.0	445.0	445.0
605	799.0	621.0	621.0	441.0	441.0
606	839.0	649.0	649.0	457.0	457.0
607	789.0	609.0	609.0	429.0	429.0
608	832.0	646.0	646.0	459.0	459.0
609	858.0	664.0	664.0	470.0	470.0
610	831.0	643.0	643.0	452.0	452.0
611	813.0	628.0	628.0	442.0	442.0
612	838.0	651.0	651.0	463.0	463.0
613	856.0	664.0	664.0	470.0	470.0
614	832.0	644.0	644.0	452.0	452.0
615	853.0	659.0	659.0	462.0	462.0
616	827.0	642.0	642.0	456.0	456.0
617	832.0	646.0	646.0	458.0	458.0
618	799.0	618.0	618.0	435.0	435.0
619	799.0	617.0	617.0	436.0	436.0
620	826.0	642.0	642.0	457.0	457.0
621	882.0	683.0	683.0	482.0	482.0
622	808.0	626.0	626.0	441.0	441.0
623	801.0	621.0	621.0	438.0	438.0
624	894.0	692.0	692.0	491.0	491.0
625	849.0	658.0	658.0	465.0	465.0
626	837.0	646.0	646.0	454.0	454.0
627	816.0	630.0	630.0	443.0	443.0
628	829.0	646.0	646.0	459.0	459.0
629	832.0	645.0	645.0	456.0	456.0
630	803.0	620.0	620.0	436.0	436.0
631	808.0	625.0	625.0	440.0	440.0
632	866.0	673.0	673.0	478.0	478.0
633	807.0	628.0	628.0	445.0	445.0
634	798.0	618.0	618.0	436.0	436.0
635	779.0	603.0	603.0	425.0	425.0
636	895.0	695.0	695.0	492.0	492.0
637	829.0	644.0	644.0	456.0	456.0
638	795.0	615.0	615.0	434.0	434.0
639	826.0	636.0	636.0	448.0	448.0
640	821.0	638.0	638.0	454.0	454.0
641	817.0	635.0	635.0	450.0	450.0
642	787.0	608.0	608.0	429.0	429.0
643	803.0	620.0	620.0	436.0	436.0
644	826.0	643.0	643.0	459.0	459.0
645	856.0	663.0	663.0	469.0	469.0
646	828.0	641.0	641.0	450.0	450.0
647	792.0	613.0	613.0	432.0	432.0
648	844.0	657.0	657.0	468.0	468.0
649	800.0	621.0	621.0	441.0	441.0
650	845.0	653.0	653.0	461.0	461.0
651	838.0	646.0	646.0	453.0	453.0
652	873.0	680.0	680.0	482.0	482.0
653	830.0	645.0	645.0	457.0	457.0
654	1370.0	1052.0	1052.0	729.0	729.0
655	791.0	613.0	613.0	430.0	430.0
656	852.0	663.0	663.0	471.0	471.0
657	802.0	623.0	623.0	441.0	441.0
658	828.0	639.0	639.0	451.0	451.0
659	825.0	637.0	637.0	448.0	448.0
660	883.0	686.0	686.0	488.0	488.0
661	819.0	637.0	637.0	450.0	450.0
662	815.0	631.0	631.0	444.0	444.0
663	807.0	625.0	625.0	439.0	439.0
664	823.0	641.0	641.0	457.0	457.0
665	794.0	616.0	616.0	436.0	436.0
666	815.0	630.0	630.0	444.0	444.0
667	833.0	644.0	644.0	453.0	453.0
668	885.0	690.0	690.0	488.0	488.0
669	849.0	658.0	658.0	465.0	465.0
670	808.0	624.0	624.0	439.0	439.0
671	844.0	652.0	652.0	458.0	458.0
672	836.0	651.0	651.0	461.0	461.0
673	804.0	623.0	623.0	441.0	441.0
674	827.0	639.0	639.0	450.0	450.0
675	851.0	658.0	658.0	463.0	463.0
676	793.0	617.0	617.0	438.0	438.0
677	857.0	664.0	664.0	469.0	469.0
678	818.0	633.0	633.0	446.0	446.0
679	798.0	616.0	616.0	435.0	435.0
680	800.0	624.0	624.0	444.0	444.0
681	802.0	622.0	622.0	442.0	442.0
682	797.0	615.0	615.0	434.0	434.0
683	839.0	649.0	649.0	456.0	456.0
684	803.0	626.0	626.0	445.0	445.0
685	803.0	622.0	622.0	440.0	440.0
686	803.0	619.0	619.0	437.0	437.0
687	864.0	667.0	667.0	469.0	469.0
688	851.0	661.0	661.0	469.0	469.0
689	884.0	684.0	684.0	483.0	483.0
690	812.0	628.0	628.0	443.0	443.0
691	893.0	690.0	690.0	484.0	484.0
692	826.0	642.0	642.0	456.0	456.0
693	860.0	667.0	667.0	472.0	472.0
694	829.0	641.0	641.0	451.0	451.0
695	794.0	615.0	615.0	433.0	433.0
696	902.0	700.0	700.0	498.0	498.0
697	845.0	654.0	654.0	462.0	462.0
698	832.0	643.0	643.0	453.0	453.0
699	827.0	639.0	639.0	451.0	451.0
700	829.0	645.0	645.0	459.0	459.0
701	832.0	645.0	645.0	455.0	455.0
702	851.0	658.0	658.0	464.0	464.0
703	863.0	666.0	666.0	469.0	469.0
704	822.0	639.0	639.0	454.0	454.0
705	819.0	634.0	634.0	449.0	449.0
706	791.0	614.0	614.0	433.0	433.0
707	837.0	647.0	647.0	456.0	456.0
708	860.0	667.0	667.0	473.0	473.0
709	822.0	638.0	638.0	452.0	452.0
710	801.0	619.0	619.0	436.0	436.0
711	817.0	633.0	633.0	445.0	445.0
712	856.0	664.0	664.0	473.0	473.0
713	828.0	641.0	641.0	453.0	453.0
714	832.0	644.0	644.0	454.0	454.0
715	818.0	633.0	633.0	445.0	445.0
716	838.0	652.0	652.0	463.0	463.0
717	823.0	640.0	640.0	453.0	453.0
718	801.0	619.0	619.0	435.0	435.0
719	815.0	631.0	631.0	446.0	446.0
720	814.0	633.0	633.0	451.0	451.0
721	836.0	648.0	648.0	457.0	457.0
722	813.0	629.0	629.0	443.0	443.0
723	849.0	655.0	655.0	459.0	459.0
724	817.0	636.0	636.0	453.0	453.0
725	826.0	640.0	640.0	453.0	453.0
726	848.0	655.0	655.0	460.0	460.0
727	808.0	624.0	624.0	439.0	439.0
728	822.0	639.0	639.0	453.0	453.0
729	849.0	658.0	658.0	466.0	466.0
730	792.0	613.0	613.0	433.0	433.0
731	788.0	611.0	611.0	431.0	431.0
732	815.0	634.0	634.0	451.0	451.0
733	814.0	631.0	631.0	448.0	448.0
734	824.0	636.0	636.0	447.0	447.0
735	885.0	683.0	683.0	479.0	479.0
736	829.0	645.0	645.0	460.0	460.0
737	845.0	656.0	656.0	463.0	463.0
738	805.0	624.0	624.0	440.0	440.0
739	825.0	638.0	638.0	448.0	448.0
740	825.0	642.0	642.0	456.0	456.0
741	796.0	620.0	620.0	441.0	441.0
742	881.0	681.0	681.0	478.0	478.0
743	806.0	623.0	623.0	440.0	440.0
744	855.0	664.0	664.0	471.0	471.0
745	807.0	628.0	628.0	443.0	443.0
746	827.0	641.0	641.0	452.0	452.0
747	819.0	632.0	632.0	445.0	445.0
748	840.0	653.0	653.0	465.0	465.0
749	825.0	640.0	640.0	454.0	454.0
750	815.0	631.0	631.0	445.0	445.0
751	833.0	642.0	642.0	452.0	452.0
752	857.0	665.0	665.0	472.0	472.0
753	835.0	648.0	648.0	458.0	458.0
754	908.0	703.0	703.0	494.0	494.0
755	818.0	632.0	632.0	445.0	445.0
756	824.0	640.0	640.0	456.0	456.0
757	819.0	635.0	635.0	451.0	451.0
758	798.0	617.0	617.0	436.0	436.0
759	806.0	625.0	625.0	438.0	438.0
760	843.0	654.0	654.0	466.0	466.0
761	842.0	652.0	652.0	460.0	460.0
762	798.0	619.0	619.0	437.0	437.0
763	826.0	638.0	638.0	449.0	449.0
764	864.0	672.0	672.0	477.0	477.0
765	819.0	635.0	635.0	450.0	450.0
766	798.0	616.0	616.0	435.0	435.0
767	852.0	657.0	657.0	460.0	460.0
768	844.0	656.0	656.0	467.0	467.0
769	864.0	668.0	668.0	472.0	472.0
770	816.0	632.0	632.0	445.0	445.0
771	850.0	655.0	655.0	459.0	459.0
772	848.0	659.0	659.0	469.0	469.0
773	821.0	637.0	637.0	450.0	450.0
774	832.0	643.0	643.0	453.0	453.0
775	819.0	633.0	633.0	446.0	446.0
776	838.0	651.0	651.0	464.0	464.0
777	818.0	634.0	634.0	448.0	448.0
778	791.0	613.0	613.0	432.0	432.0
779	837.0	646.0	646.0	453.0	453.0
780	830.0	646.0	646.0	461.0	461.0
781	821.0	636.0	636.0	450.0	450.0
782	831.0	642.0	642.0	453.0	453.0
783	810.0	627.0	627.0	439.0	439.0
784	831.0	646.0	646.0	459.0	459.0
785	813.0	630.0	630.0	447.0	447.0
786	821.0	635.0	635.0	447.0	447.0
787	796.0	613.0	613.0	432.0	432.0
788	817.0	637.0	637.0	454.0	454.0
789	840.0	651.0	651.0	461.0	461.0
790	823.0	637.0	637.0	449.0	449.0
791	1575.0	1206.0	1206.0	830.0	830.0
792	827.0	644.0	644.0	459.0	459.0
793	844.0	653.0	653.0	462.0	462.0
794	833.0	643.0	643.0	453.0	453.0
795	833.0	643.0	643.0	451.0	451.0
796	836.0	648.0	648.0	460.0	460.0
797	827.0	641.0	641.0	454.0	454.0
798	799.0	621.0	621.0	438.0	438.0
799	800.0	619.0	619.0	435.0	435.0
800	825.0	642.0	642.0	457.0	457.0
801	830.0	643.0	643.0	454.0	454.0
802	807.0	625.0	625.0	441.0	441.0
803	836.0	647.0	647.0	454.0	454.0
804	821.0	639.0	639.0	457.0	457.0
805	812.0	629.0	629.0	446.0	446.0
806	889.0	687.0	687.0	482.0	482.0
807	816.0	631.0	631.0	444.0	444.0
808	822.0	639.0	639.0	455.0	455.0
809	834.0	646.0	646.0	457.0	457.0
810	805.0	622.0	622.0	440.0	440.0
811	840.0	649.0	649.0	456.0	456.0
812	823.0	642.0	642.0	457.0	457.0
813	835.0	646.0	646.0	458.0	458.0
814	825.0	639.0	639.0	450.0	450.0
815	797.0	616.0	616.0	433.0	433.0
816	845.0	658.0	658.0	468.0	468.0
817	987.0	761.0	761.0	534.0	534.0
818	809.0	626.0	626.0	443.0	443.0
819	874.0	675.0	675.0	472.0	472.0
820	873.0	677.0	677.0	482.0	482.0
821	828.0	641.0	641.0	454.0	454.0
822	803.0	622.0	622.0	439.0	439.0
823	820.0	632.0	632.0	444.0	444.0
824	821.0	638.0	638.0	455.0	455.0
825	844.0	654.0	654.0	462.0	462.0
826	797.0	616.0	616.0	436.0	436.0
827	855.0	660.0	660.0	463.0	463.0
828	831.0	647.0	647.0	461.0	461.0
829	818.0	634.0	634.0	448.0	448.0
830	826.0	640.0	640.0	452.0	452.0
831	830.0	641.0	641.0	449.0	449.0
832	833.0	648.0	648.0	461.0	461.0
833	821.0	637.0	637.0	449.0	449.0
834	800.0	617.0	617.0	436.0	436.0
835	817.0	630.0	630.0	443.0	443.0
836	829.0	646.0	646.0	458.0	458.0
837	810.0	629.0	629.0	444.0	444.0
838	816.0	631.0	631.0	445.0	445.0
839	811.0	627.0	627.0	439.0	439.0
840	853.0	664.0	664.0	472.0	472.0
841	844.0	653.0	653.0	460.0	460.0
842	813.0	630.0	630.0	446.0	446.0
843	817.0	631.0	631.0	443.0	443.0
844	852.0	664.0	664.0	474.0	474.0
845	896.0	689.0	689.0	488.0	488.0
846	811.0	627.0	627.0	443.0	443.0
847	807.0	622.0	622.0	437.0	437.0
848	851.0	661.0	661.0	467.0	467.0
849	845.0	655.0	655.0	462.0	462.0
850	825.0	640.0	640.0	450.0	450.0
851	839.0	648.0	648.0	455.0	455.0
852	824.0	641.0	641.0	456.0	456.0
853	838.0	650.0	650.0	460.0	460.0
854	828.0	640.0	640.0	450.0	450.0
855	834.0	645.0	645.0	454.0	454.0
856	845.0	657.0	657.0	467.0	467.0
857	829.0	643.0	643.0	456.0	456.0
858	826.0	638.0	638.0	448.0	448.0
859	816.0	630.0	630.0	443.0	443.0
860	881.0	684.0	684.0	484.0	484.0
861	835.0	646.0	646.0	458.0	458.0
862	843.0	652.0	652.0	459.0	459.0
863	794.0	613.0	613.0	432.0	432.0
864	1028.0	795.0	795.0	558.0	558.0
865	841.0	655.0	655.0	465.0	465.0
866	801.0	620.0	620.0	436.0	436.0
867	841.0	648.0	648.0	455.0	455.0
868	847.0	658.0	658.0	467.0	467.0
869	844.0	655.0	655.0	462.0	462.0
870	808.0	627.0	627.0	442.0	442.0
871	808.0	625.0	625.0	440.0	440.0
872	854.0	663.0	663.0	472.0	472.0
873	814.0	631.0	631.0	447.0	447.0
874	929.0	719.0	719.0	503.0	503.0
875	809.0	626.0	626.0	441.0	441.0
876	816.0	634.0	634.0	451.0	451.0
877	844.0	655.0	655.0	462.0	462.0
878	843.0	651.0	651.0	460.0	460.0
879	801.0	619.0	619.0	436.0	436.0
880	828.0	644.0	644.0	457.0	457.0
881	849.0	657.0	657.0	464.0	464.0
882	793.0	613.0	613.0	433.0	433.0
883	819.0	633.0	633.0	444.0	444.0
884	858.0	667.0	667.0	474.0	474.0
885	875.0	677.0	677.0	477.0	477.0
886	830.0	642.0	642.0	452.0	452.0
887	814.0	630.0	630.0	442.0	442.0
888	825.0	642.0	642.0	457.0	457.0
889	876.0	679.0	679.0	480.0	480.0
890	820.0	634.0	634.0	447.0	447.0
891	842.0	650.0	650.0	457.0	457.0
892	818.0	636.0	636.0	453.0	453.0
893	819.0	635.0	635.0	449.0	449.0
894	812.0	629.0	629.0	445.0	445.0
895	872.0	673.0	673.0	472.0	472.0
896	845.0	657.0	657.0	467.0	467.0
897	833.0	644.0	644.0	456.0	456.0
898	838.0	648.0	648.0	457.0	457.0
899	831.0	642.0	642.0	452.0	452.0
900	821.0	639.0	639.0	456.0	456.0
901	835.0	645.0	645.0	455.0	455.0
902	848.0	657.0	657.0	462.0	462.0
903	820.0	633.0	633.0	444.0	444.0
904	813.0	632.0	632.0	451.0	451.0
905	893.0	691.0	691.0	487.0	487.0
906	820.0	635.0	635.0	447.0	447.0
907	821.0	633.0	633.0	444.0	444.0
908	857.0	667.0	667.0	475.0	475.0
909	854.0	660.0	660.0	466.0	466.0
910	836.0	649.0	649.0	457.0	457.0
911	838.0	645.0	645.0	453.0	453.0
912	849.0	660.0	660.0	470.0	470.0
913	821.0	636.0	636.0	447.0	447.0
914	843.0	652.0	652.0	461.0	461.0
915	797.0	614.0	614.0	431.0	431.0
916	870.0	675.0	675.0	481.0	481.0
917	862.0	666.0	666.0	470.0	470.0
918	850.0	657.0	657.0	464.0	464.0
919	817.0	630.0	630.0	442.0	442.0
920	907.0	703.0	703.0	500.0	500.0
921	817.0	633.0	633.0	447.0	447.0
922	853.0	660.0	660.0	466.0	466.0
923	811.0	627.0	627.0	440.0	440.0
924	832.0	646.0	646.0	460.0	460.0
925	827.0	639.0	639.0	452.0	452.0
926	838.0	650.0	650.0	458.0	458.0
927	797.0	616.0	616.0	433.0	433.0
928	873.0	679.0	679.0	482.0	482.0
929	860.0	666.0	666.0	472.0	472.0
930	824.0	637.0	637.0	449.0	449.0
931	829.0	637.0	637.0	446.0	446.0
932	944.0	733.0	733.0	519.0	519.0
933	835.0	647.0	647.0	457.0	457.0
934	857.0	663.0	663.0	468.0	468.0
935	807.0	623.0	623.0	438.0	438.0
936	838.0	652.0	652.0	464.0	464.0
937	825.0	637.0	637.0	451.0	451.0
938	837.0	647.0	647.0	457.0	457.0
939	818.0	632.0	632.0	444.0	444.0
940	831.0	648.0	648.0	462.0	462.0
941	840.0	651.0	651.0	460.0	460.0
942	828.0	639.0	639.0	451.0	451.0
943	815.0	627.0	627.0	440.0	440.0
944	841.0	654.0	654.0	466.0	466.0
945	848.0	657.0	657.0	465.0	465.0
946	853.0	659.0	659.0	463.0	463.0
947	822.0	635.0	635.0	447.0	447.0
948	846.0	656.0	656.0	466.0	466.0
949	871.0	673.0	673.0	474.0	474.0
950	826.0	638.0	638.0	451.0	451.0
951	856.0	660.0	660.0	464.0	464.0
952	1456.0	1118.0	1118.0	776.0	776.0
953	811.0	629.0	629.0	445.0	445.0
954	846.0	653.0	653.0	459.0	459.0
955	802.0	618.0	618.0	435.0	435.0
956	858.0	667.0	667.0	474.0	474.0
957	832.0	646.0	646.0	455.0	455.0
958	854.0	662.0	662.0	466.0	466.0
959	811.0	627.0	627.0	442.0	442.0
960	853.0	661.0	661.0	468.0	468.0
961	875.0	676.0	676.0	477.0	477.0
962	847.0	653.0	653.0	461.0	461.0
963	830.0	641.0	641.0	451.0	451.0
964	824.0	641.0	641.0	457.0	457.0
965	812.0	630.0	630.0	446.0	446.0
966	830.0	641.0	641.0	452.0	452.0
967	818.0	632.0	632.0	445.0	445.0
968	829.0	643.0	643.0	459.0	459.0
969	830.0	643.0	643.0	455.0	455.0
970	820.0	632.0	632.0	446.0	446.0
971	816.0	629.0	629.0	443.0	443.0
972	831.0	646.0	646.0	460.0	460.0
973	849.0	659.0	659.0	466.0	466.0
974	860.0	664.0	664.0	469.0	469.0
975	816.0	630.0	630.0	442.0	442.0
976	850.0	660.0	660.0	470.0	470.0
977	821.0	637.0	637.0	449.0	449.0
978	831.0	644.0	644.0	454.0	454.0
979	825.0	636.0	636.0	447.0	447.0
980	823.0	639.0	639.0	455.0	455.0
981	837.0	648.0	648.0	460.0	460.0
982	851.0	657.0	657.0	462.0	462.0
983	821.0	633.0	633.0	447.0	447.0
984	866.0	672.0	672.0	478.0	478.0
985	848.0	657.0	657.0	463.0	463.0
986	812.0	628.0	628.0	442.0	442.0
987	817.0	632.0	632.0	445.0	445.0
988	843.0	656.0	656.0	467.0	467.0
989	823.0	639.0	639.0	453.0	453.0
990	838.0	648.0	648.0	457.0	457.0
991	851.0	656.0	656.0	462.0	462.0
992	823.0	640.0	640.0	456.0	456.0
993	820.0	635.0	635.0	449.0	449.0
994	862.0	666.0	666.0	468.0	468.0
995	817.0	632.0	632.0	444.0	444.0
996	864.0	671.0	671.0	477.0	477.0
997	859.0	665.0	665.0	470.0	470.0
998	834.0	644.0	644.0	453.0	453.0
999	809.0	626.0	626.0	441.0	441.0
1000	851.0	659.0	659.0	469.0	469.0
1001	840.0	651.0	651.0	460.0	460.0
1002	828.0	641.0	641.0	450.0	450.0
1003	867.0	671.0	671.0	472.0	472.0
1004	856.0	665.0	665.0	472.0	472.0
1005	837.0	647.0	647.0	457.0	457.0
1006	830.0	641.0	641.0	452.0	452.0
1007	828.0	640.0	640.0	450.0	450.0
1008	855.0	666.0	666.0	474.0	474.0
1009	851.0	659.0	659.0	465.0	465.0
1010	870.0	672.0	672.0	475.0	475.0
1011	862.0	666.0	666.0	467.0	467.0
1012	884.0	688.0	688.0	489.0	489.0
1013	849.0	659.0	659.0	465.0	465.0
1014	851.0	659.0	659.0	464.0	464.0
1015	826.0	637.0	637.0	449.0	449.0
1016	832.0	647.0	647.0	460.0	460.0
1017	868.0	672.0	672.0	475.0	475.0
1018	853.0	659.0	659.0	464.0	464.0
1019	820.0	635.0	635.0	445.0	445.0
1020	887.0	688.0	688.0	487.0	487.0
1021	833.0	646.0	646.0	457.0	457.0
1022	861.0	666.0	666.0	468.0	468.0
1023	826.0	638.0	638.0	450.0	450.0
1024	861.0	668.0	668.0	471.0	471.0
