/*Tiempo de exposicion:	2.4	1.8	1.5	1.5	1.2
/*Numero de Scans	1	1	1	1	1
/*Scans Ignorados	0	0	0	0	0
/*Modo de Adquiquisicion	1 	1 	1 	1 	1 
/*Temperatura del detector	0 	0 	0 	0 	0 
/*Red	1	1	1	1	1
/*Posicion del Contador	000	000	000	000	000
/*Archivo:	barridoP_0059.OMAIII	barridoP_0057.OMAIII	barridoP_0056.OMAIII	barridoP_0056.OMAIII	barridoP_0055.OMAIII
1	61.0	60.0	61.0	61.0	60.0
2	0.0	0.0	0.0	0.0	0.0
3	138.0	101.0	83.0	83.0	65.0
4	236.0	197.0	178.0	178.0	158.0
5	227.0	190.0	172.0	172.0	151.0
6	207.0	170.0	152.0	152.0	135.0
7	212.0	174.0	157.0	157.0	138.0
8	221.0	185.0	166.0	166.0	147.0
9	229.0	190.0	170.0	170.0	152.0
10	204.0	168.0	149.0	149.0	131.0
11	211.0	174.0	155.0	155.0	137.0
12	236.0	201.0	182.0	182.0	163.0
13	214.0	179.0	160.0	160.0	142.0
14	201.0	165.0	145.0	145.0	127.0
15	217.0	178.0	159.0	159.0	140.0
16	233.0	195.0	176.0	176.0	156.0
17	238.0	198.0	177.0	177.0	156.0
18	204.0	166.0	149.0	149.0	130.0
19	264.0	214.0	189.0	189.0	163.0
20	221.0	185.0	167.0	167.0	149.0
21	231.0	191.0	171.0	171.0	151.0
22	219.0	181.0	162.0	162.0	143.0
23	209.0	173.0	155.0	155.0	138.0
24	227.0	190.0	172.0	172.0	152.0
25	239.0	198.0	176.0	176.0	155.0
26	236.0	191.0	169.0	169.0	148.0
27	226.0	185.0	165.0	165.0	145.0
28	225.0	189.0	169.0	169.0	152.0
29	249.0	205.0	183.0	183.0	160.0
30	222.0	182.0	162.0	162.0	141.0
31	213.0	176.0	155.0	155.0	138.0
32	226.0	190.0	169.0	169.0	151.0
33	216.0	178.0	160.0	160.0	142.0
34	209.0	173.0	153.0	153.0	135.0
35	202.0	166.0	149.0	149.0	129.0
36	230.0	192.0	174.0	174.0	154.0
37	232.0	193.0	174.0	174.0	155.0
38	205.0	169.0	151.0	151.0	132.0
39	217.0	180.0	162.0	162.0	143.0
40	223.0	186.0	169.0	169.0	151.0
41	222.0	185.0	166.0	166.0	147.0
42	207.0	170.0	152.0	152.0	134.0
43	208.0	172.0	153.0	153.0	137.0
44	220.0	184.0	165.0	165.0	148.0
45	223.0	185.0	168.0	168.0	147.0
46	210.0	173.0	155.0	155.0	136.0
47	216.0	178.0	159.0	159.0	141.0
48	219.0	184.0	166.0	166.0	149.0
49	225.0	186.0	168.0	168.0	148.0
50	215.0	177.0	158.0	158.0	137.0
51	252.0	205.0	181.0	181.0	158.0
52	226.0	188.0	170.0	170.0	151.0
53	221.0	183.0	166.0	166.0	148.0
54	216.0	177.0	158.0	158.0	138.0
55	218.0	179.0	160.0	160.0	140.0
56	224.0	186.0	169.0	169.0	151.0
57	214.0	178.0	161.0	161.0	143.0
58	206.0	171.0	152.0	152.0	133.0
59	214.0	176.0	157.0	157.0	138.0
60	241.0	201.0	179.0	179.0	159.0
61	223.0	185.0	166.0	166.0	147.0
62	206.0	170.0	152.0	152.0	133.0
63	215.0	178.0	159.0	159.0	140.0
64	232.0	195.0	176.0	176.0	157.0
65	219.0	182.0	165.0	165.0	146.0
66	206.0	169.0	151.0	151.0	134.0
67	209.0	173.0	156.0	156.0	136.0
68	224.0	186.0	168.0	168.0	150.0
69	218.0	181.0	163.0	163.0	145.0
70	208.0	170.0	152.0	152.0	133.0
71	213.0	176.0	157.0	157.0	139.0
72	224.0	187.0	169.0	169.0	150.0
73	219.0	181.0	163.0	163.0	145.0
74	212.0	176.0	157.0	157.0	138.0
75	214.0	178.0	159.0	159.0	141.0
76	222.0	185.0	167.0	167.0	148.0
77	216.0	181.0	162.0	162.0	145.0
78	221.0	182.0	163.0	163.0	143.0
79	214.0	176.0	158.0	158.0	139.0
80	224.0	187.0	169.0	169.0	151.0
81	218.0	182.0	164.0	164.0	145.0
82	209.0	172.0	153.0	153.0	134.0
83	219.0	181.0	162.0	162.0	143.0
84	231.0	193.0	175.0	175.0	156.0
85	217.0	179.0	161.0	161.0	142.0
86	211.0	174.0	157.0	157.0	139.0
87	224.0	184.0	166.0	166.0	145.0
88	221.0	183.0	165.0	165.0	147.0
89	223.0	184.0	165.0	165.0	146.0
90	214.0	178.0	158.0	158.0	140.0
91	208.0	172.0	154.0	154.0	136.0
92	225.0	187.0	168.0	168.0	149.0
93	224.0	185.0	167.0	167.0	147.0
94	220.0	179.0	159.0	159.0	140.0
95	219.0	180.0	162.0	162.0	142.0
96	223.0	186.0	169.0	169.0	151.0
97	227.0	188.0	170.0	170.0	150.0
98	207.0	170.0	153.0	153.0	135.0
99	217.0	180.0	161.0	161.0	142.0
100	240.0	199.0	178.0	178.0	159.0
101	218.0	181.0	162.0	162.0	144.0
102	226.0	187.0	166.0	166.0	144.0
103	213.0	177.0	159.0	159.0	141.0
104	228.0	192.0	175.0	175.0	156.0
105	221.0	184.0	166.0	166.0	148.0
106	208.0	172.0	154.0	154.0	137.0
107	219.0	180.0	161.0	161.0	143.0
108	219.0	184.0	165.0	165.0	148.0
109	218.0	181.0	162.0	162.0	145.0
110	202.0	166.0	148.0	148.0	130.0
111	211.0	175.0	156.0	156.0	138.0
112	225.0	187.0	170.0	170.0	151.0
113	225.0	187.0	169.0	169.0	150.0
114	209.0	172.0	152.0	152.0	134.0
115	207.0	169.0	152.0	152.0	134.0
116	224.0	187.0	170.0	170.0	152.0
117	227.0	190.0	171.0	171.0	152.0
118	206.0	170.0	153.0	153.0	135.0
119	212.0	174.0	157.0	157.0	134.0
120	260.0	214.0	191.0	191.0	168.0
121	232.0	196.0	178.0	178.0	160.0
122	207.0	171.0	152.0	152.0	134.0
123	222.0	184.0	166.0	166.0	148.0
124	217.0	182.0	163.0	163.0	145.0
125	232.0	194.0	176.0	176.0	159.0
126	209.0	174.0	155.0	155.0	137.0
127	222.0	183.0	163.0	163.0	144.0
128	222.0	186.0	167.0	167.0	149.0
129	220.0	184.0	166.0	166.0	149.0
130	205.0	170.0	151.0	151.0	133.0
131	220.0	182.0	163.0	163.0	143.0
132	223.0	186.0	168.0	168.0	150.0
133	226.0	190.0	172.0	172.0	154.0
134	208.0	172.0	154.0	154.0	136.0
135	214.0	179.0	161.0	161.0	143.0
136	221.0	185.0	167.0	167.0	149.0
137	240.0	199.0	177.0	177.0	157.0
138	217.0	178.0	158.0	158.0	138.0
139	211.0	175.0	156.0	156.0	139.0
140	230.0	192.0	174.0	174.0	156.0
141	235.0	193.0	173.0	173.0	153.0
142	273.0	220.0	194.0	194.0	167.0
143	205.0	169.0	151.0	151.0	133.0
144	231.0	193.0	173.0	173.0	154.0
145	223.0	185.0	167.0	167.0	148.0
146	206.0	170.0	153.0	153.0	135.0
147	213.0	177.0	158.0	158.0	140.0
148	221.0	185.0	168.0	168.0	150.0
149	215.0	181.0	162.0	162.0	145.0
150	217.0	179.0	160.0	160.0	140.0
151	209.0	172.0	154.0	154.0	137.0
152	224.0	187.0	169.0	169.0	150.0
153	220.0	183.0	165.0	165.0	147.0
154	237.0	194.0	171.0	171.0	150.0
155	210.0	175.0	157.0	157.0	140.0
156	216.0	182.0	165.0	165.0	148.0
157	220.0	182.0	165.0	165.0	145.0
158	202.0	166.0	149.0	149.0	132.0
159	214.0	178.0	159.0	159.0	139.0
160	219.0	184.0	166.0	166.0	148.0
161	216.0	180.0	162.0	162.0	144.0
162	206.0	170.0	151.0	151.0	135.0
163	210.0	174.0	157.0	157.0	139.0
164	227.0	190.0	171.0	171.0	152.0
165	229.0	190.0	170.0	170.0	151.0
166	217.0	178.0	158.0	158.0	141.0
167	211.0	174.0	157.0	157.0	139.0
168	225.0	189.0	171.0	171.0	152.0
169	218.0	182.0	164.0	164.0	146.0
170	221.0	183.0	162.0	162.0	143.0
171	217.0	179.0	160.0	160.0	141.0
172	221.0	185.0	166.0	166.0	149.0
173	217.0	180.0	162.0	162.0	145.0
174	210.0	173.0	155.0	155.0	137.0
175	211.0	174.0	155.0	155.0	138.0
176	230.0	192.0	172.0	172.0	154.0
177	217.0	182.0	164.0	164.0	146.0
178	200.0	166.0	148.0	148.0	131.0
179	217.0	178.0	160.0	160.0	141.0
180	221.0	185.0	166.0	166.0	149.0
181	216.0	181.0	163.0	163.0	146.0
182	234.0	192.0	170.0	170.0	151.0
183	212.0	175.0	157.0	157.0	140.0
184	231.0	193.0	174.0	174.0	154.0
185	215.0	179.0	160.0	160.0	142.0
186	210.0	172.0	154.0	154.0	135.0
187	211.0	175.0	157.0	157.0	139.0
188	219.0	182.0	166.0	166.0	148.0
189	220.0	184.0	166.0	166.0	147.0
190	206.0	170.0	152.0	152.0	134.0
191	210.0	173.0	155.0	155.0	137.0
192	247.0	204.0	183.0	183.0	163.0
193	213.0	177.0	160.0	160.0	142.0
194	214.0	175.0	156.0	156.0	138.0
195	226.0	186.0	165.0	165.0	146.0
196	223.0	188.0	169.0	169.0	150.0
197	215.0	179.0	161.0	161.0	144.0
198	216.0	177.0	157.0	157.0	139.0
199	244.0	201.0	179.0	179.0	156.0
200	225.0	188.0	171.0	171.0	151.0
201	225.0	188.0	167.0	167.0	150.0
202	218.0	180.0	160.0	160.0	141.0
203	213.0	176.0	158.0	158.0	140.0
204	233.0	194.0	175.0	175.0	156.0
205	238.0	196.0	176.0	176.0	156.0
206	218.0	180.0	159.0	159.0	141.0
207	213.0	176.0	158.0	158.0	138.0
208	226.0	188.0	169.0	169.0	150.0
209	218.0	182.0	163.0	163.0	146.0
210	212.0	175.0	157.0	157.0	139.0
211	220.0	182.0	163.0	163.0	143.0
212	225.0	188.0	171.0	171.0	152.0
213	228.0	188.0	170.0	170.0	150.0
214	206.0	171.0	153.0	153.0	135.0
215	215.0	178.0	159.0	159.0	140.0
216	219.0	181.0	164.0	164.0	145.0
217	226.0	189.0	170.0	170.0	152.0
218	210.0	174.0	156.0	156.0	137.0
219	281.0	228.0	200.0	200.0	175.0
220	225.0	188.0	170.0	170.0	151.0
221	230.0	193.0	172.0	172.0	153.0
222	211.0	175.0	156.0	156.0	138.0
223	209.0	172.0	154.0	154.0	136.0
224	216.0	181.0	163.0	163.0	146.0
225	224.0	188.0	168.0	168.0	150.0
226	219.0	179.0	160.0	160.0	141.0
227	234.0	191.0	171.0	171.0	149.0
228	219.0	183.0	165.0	165.0	148.0
229	223.0	185.0	167.0	167.0	148.0
230	212.0	175.0	156.0	156.0	138.0
231	211.0	175.0	156.0	156.0	138.0
232	226.0	187.0	169.0	169.0	150.0
233	225.0	187.0	168.0	168.0	150.0
234	207.0	171.0	154.0	154.0	136.0
235	216.0	180.0	160.0	160.0	142.0
236	219.0	183.0	165.0	165.0	148.0
237	219.0	182.0	164.0	164.0	147.0
238	224.0	183.0	164.0	164.0	144.0
239	219.0	179.0	162.0	162.0	143.0
240	223.0	186.0	168.0	168.0	151.0
241	217.0	181.0	163.0	163.0	146.0
242	209.0	172.0	154.0	154.0	136.0
243	215.0	177.0	158.0	158.0	140.0
244	231.0	192.0	174.0	174.0	155.0
245	221.0	184.0	166.0	166.0	149.0
246	214.0	175.0	157.0	157.0	137.0
247	209.0	172.0	155.0	155.0	137.0
248	226.0	188.0	170.0	170.0	151.0
249	221.0	184.0	167.0	167.0	149.0
250	212.0	173.0	155.0	155.0	136.0
251	219.0	182.0	162.0	162.0	144.0
252	227.0	189.0	170.0	170.0	152.0
253	220.0	183.0	164.0	164.0	147.0
254	226.0	185.0	165.0	165.0	145.0
255	217.0	177.0	160.0	160.0	141.0
256	238.0	197.0	177.0	177.0	157.0
257	213.0	178.0	159.0	159.0	143.0
258	213.0	176.0	158.0	158.0	138.0
259	218.0	180.0	161.0	161.0	142.0
260	220.0	183.0	165.0	165.0	149.0
261	225.0	187.0	168.0	168.0	149.0
262	226.0	185.0	165.0	165.0	145.0
263	215.0	178.0	159.0	159.0	142.0
264	236.0	196.0	176.0	176.0	156.0
265	225.0	186.0	168.0	168.0	149.0
266	210.0	173.0	154.0	154.0	136.0
267	230.0	189.0	168.0	168.0	149.0
268	235.0	195.0	177.0	177.0	157.0
269	232.0	193.0	174.0	174.0	154.0
270	219.0	180.0	160.0	160.0	141.0
271	217.0	180.0	160.0	160.0	141.0
272	233.0	193.0	175.0	175.0	156.0
273	220.0	182.0	164.0	164.0	146.0
274	257.0	209.0	186.0	186.0	162.0
275	220.0	182.0	162.0	162.0	145.0
276	228.0	189.0	171.0	171.0	152.0
277	216.0	179.0	161.0	161.0	143.0
278	230.0	188.0	167.0	167.0	147.0
279	215.0	177.0	158.0	158.0	140.0
280	234.0	195.0	176.0	176.0	157.0
281	230.0	190.0	172.0	172.0	153.0
282	221.0	182.0	161.0	161.0	141.0
283	219.0	181.0	161.0	161.0	141.0
284	227.0	190.0	171.0	171.0	153.0
285	228.0	190.0	170.0	170.0	153.0
286	211.0	174.0	157.0	157.0	138.0
287	224.0	185.0	165.0	165.0	145.0
288	227.0	189.0	170.0	170.0	151.0
289	223.0	185.0	168.0	168.0	150.0
290	220.0	180.0	161.0	161.0	142.0
291	229.0	188.0	169.0	169.0	149.0
292	225.0	189.0	169.0	169.0	153.0
293	220.0	183.0	164.0	164.0	146.0
294	210.0	173.0	156.0	156.0	138.0
295	219.0	181.0	161.0	161.0	144.0
296	228.0	190.0	172.0	172.0	154.0
297	222.0	184.0	166.0	166.0	148.0
298	215.0	176.0	158.0	158.0	139.0
299	215.0	178.0	159.0	159.0	140.0
300	230.0	192.0	173.0	173.0	154.0
301	225.0	188.0	171.0	171.0	152.0
302	207.0	170.0	153.0	153.0	135.0
303	216.0	178.0	159.0	159.0	140.0
304	230.0	192.0	174.0	174.0	155.0
305	225.0	188.0	169.0	169.0	151.0
306	217.0	178.0	159.0	159.0	141.0
307	224.0	186.0	165.0	165.0	148.0
308	238.0	198.0	178.0	178.0	159.0
309	222.0	185.0	165.0	165.0	147.0
310	212.0	174.0	155.0	155.0	137.0
311	215.0	177.0	158.0	158.0	139.0
312	240.0	199.0	178.0	178.0	158.0
313	236.0	195.0	175.0	175.0	155.0
314	214.0	176.0	157.0	157.0	139.0
315	221.0	182.0	162.0	162.0	145.0
316	238.0	197.0	177.0	177.0	158.0
317	236.0	196.0	175.0	175.0	155.0
318	220.0	182.0	162.0	162.0	143.0
319	225.0	185.0	164.0	164.0	145.0
320	228.0	189.0	170.0	170.0	152.0
321	225.0	188.0	170.0	170.0	152.0
322	225.0	185.0	164.0	164.0	144.0
323	218.0	181.0	162.0	162.0	143.0
324	240.0	199.0	179.0	179.0	158.0
325	226.0	188.0	169.0	169.0	149.0
326	222.0	183.0	162.0	162.0	142.0
327	225.0	186.0	166.0	166.0	146.0
328	233.0	196.0	177.0	177.0	157.0
329	266.0	218.0	194.0	194.0	170.0
330	219.0	181.0	162.0	162.0	142.0
331	218.0	179.0	160.0	160.0	142.0
332	243.0	202.0	181.0	181.0	161.0
333	230.0	191.0	171.0	171.0	152.0
334	225.0	185.0	165.0	165.0	146.0
335	216.0	178.0	159.0	159.0	140.0
336	227.0	191.0	172.0	172.0	153.0
337	228.0	191.0	171.0	171.0	152.0
338	224.0	184.0	164.0	164.0	145.0
339	205.0	169.0	153.0	153.0	134.0
340	224.0	187.0	169.0	169.0	152.0
341	235.0	194.0	175.0	175.0	156.0
342	211.0	174.0	156.0	156.0	137.0
343	219.0	180.0	161.0	161.0	142.0
344	229.0	191.0	173.0	173.0	155.0
345	231.0	193.0	173.0	173.0	155.0
346	222.0	182.0	163.0	163.0	143.0
347	215.0	177.0	157.0	157.0	139.0
348	229.0	191.0	172.0	172.0	154.0
349	224.0	186.0	167.0	167.0	149.0
350	215.0	178.0	160.0	160.0	140.0
351	220.0	181.0	162.0	162.0	144.0
352	230.0	192.0	175.0	175.0	156.0
353	236.0	197.0	177.0	177.0	157.0
354	220.0	181.0	161.0	161.0	141.0
355	213.0	176.0	157.0	157.0	139.0
356	232.0	194.0	175.0	175.0	157.0
357	226.0	188.0	169.0	169.0	151.0
358	216.0	178.0	159.0	159.0	140.0
359	213.0	176.0	158.0	158.0	141.0
360	234.0	195.0	177.0	177.0	158.0
361	220.0	184.0	166.0	166.0	148.0
362	226.0	185.0	165.0	165.0	145.0
363	216.0	177.0	161.0	161.0	141.0
364	232.0	195.0	176.0	176.0	157.0
365	222.0	185.0	167.0	167.0	149.0
366	212.0	175.0	157.0	157.0	140.0
367	218.0	180.0	160.0	160.0	141.0
368	226.0	190.0	172.0	172.0	154.0
369	225.0	189.0	171.0	171.0	153.0
370	223.0	184.0	165.0	165.0	145.0
371	212.0	176.0	157.0	157.0	140.0
372	238.0	198.0	178.0	178.0	159.0
373	225.0	186.0	167.0	167.0	148.0
374	228.0	187.0	166.0	166.0	146.0
375	222.0	184.0	164.0	164.0	144.0
376	228.0	191.0	172.0	172.0	153.0
377	228.0	189.0	170.0	170.0	151.0
378	212.0	175.0	155.0	155.0	137.0
379	216.0	179.0	160.0	160.0	141.0
380	225.0	188.0	170.0	170.0	152.0
381	236.0	195.0	174.0	174.0	155.0
382	236.0	194.0	172.0	172.0	151.0
383	227.0	186.0	166.0	166.0	146.0
384	249.0	206.0	186.0	186.0	164.0
385	238.0	195.0	177.0	177.0	156.0
386	217.0	179.0	160.0	160.0	142.0
387	218.0	180.0	161.0	161.0	142.0
388	228.0	191.0	173.0	173.0	154.0
389	224.0	187.0	168.0	168.0	149.0
390	232.0	190.0	170.0	170.0	149.0
391	250.0	205.0	182.0	182.0	161.0
392	231.0	192.0	174.0	174.0	155.0
393	228.0	189.0	171.0	171.0	151.0
394	213.0	175.0	156.0	156.0	137.0
395	224.0	184.0	165.0	165.0	146.0
396	231.0	193.0	175.0	175.0	155.0
397	216.0	180.0	163.0	163.0	145.0
398	210.0	175.0	155.0	155.0	137.0
399	226.0	186.0	165.0	165.0	147.0
400	236.0	196.0	177.0	177.0	158.0
401	233.0	194.0	175.0	175.0	155.0
402	213.0	177.0	157.0	157.0	138.0
403	222.0	184.0	163.0	163.0	145.0
404	231.0	194.0	175.0	175.0	155.0
405	224.0	185.0	167.0	167.0	149.0
406	211.0	175.0	156.0	156.0	138.0
407	223.0	183.0	164.0	164.0	145.0
408	249.0	207.0	186.0	186.0	166.0
409	226.0	188.0	169.0	169.0	150.0
410	225.0	184.0	165.0	165.0	144.0
411	221.0	181.0	163.0	163.0	144.0
412	234.0	196.0	176.0	176.0	158.0
413	233.0	194.0	174.0	174.0	154.0
414	219.0	181.0	161.0	161.0	141.0
415	229.0	189.0	168.0	168.0	148.0
416	260.0	215.0	192.0	192.0	170.0
417	265.0	217.0	193.0	193.0	169.0
418	220.0	182.0	162.0	162.0	144.0
419	216.0	178.0	159.0	159.0	140.0
420	237.0	198.0	178.0	178.0	158.0
421	263.0	215.0	193.0	193.0	169.0
422	217.0	179.0	161.0	161.0	142.0
423	222.0	183.0	164.0	164.0	143.0
424	235.0	197.0	176.0	176.0	157.0
425	240.0	200.0	178.0	178.0	159.0
426	216.0	178.0	159.0	159.0	140.0
427	221.0	182.0	163.0	163.0	143.0
428	231.0	193.0	175.0	175.0	155.0
429	224.0	188.0	168.0	168.0	150.0
430	218.0	179.0	159.0	159.0	141.0
431	230.0	189.0	170.0	170.0	149.0
432	241.0	201.0	182.0	182.0	161.0
433	224.0	188.0	168.0	168.0	152.0
434	229.0	189.0	168.0	168.0	148.0
435	225.0	186.0	165.0	165.0	145.0
436	234.0	196.0	176.0	176.0	156.0
437	231.0	193.0	174.0	174.0	153.0
438	216.0	178.0	160.0	160.0	140.0
439	226.0	186.0	166.0	166.0	146.0
440	230.0	193.0	174.0	174.0	156.0
441	220.0	183.0	166.0	166.0	147.0
442	219.0	181.0	162.0	162.0	143.0
443	218.0	180.0	161.0	161.0	141.0
444	237.0	199.0	178.0	178.0	159.0
445	239.0	199.0	178.0	178.0	157.0
446	215.0	177.0	159.0	159.0	139.0
447	231.0	188.0	168.0	168.0	146.0
448	235.0	196.0	177.0	177.0	156.0
449	221.0	184.0	166.0	166.0	148.0
450	218.0	179.0	159.0	159.0	141.0
451	219.0	180.0	162.0	162.0	142.0
452	226.0	188.0	170.0	170.0	152.0
453	229.0	191.0	172.0	172.0	153.0
454	221.0	182.0	163.0	163.0	142.0
455	218.0	181.0	160.0	160.0	142.0
456	235.0	195.0	177.0	177.0	157.0
457	235.0	195.0	176.0	176.0	156.0
458	211.0	175.0	156.0	156.0	137.0
459	213.0	176.0	157.0	157.0	139.0
460	248.0	206.0	185.0	185.0	165.0
461	243.0	202.0	181.0	181.0	160.0
462	216.0	179.0	159.0	159.0	140.0
463	218.0	179.0	161.0	161.0	141.0
464	234.0	197.0	177.0	177.0	158.0
465	242.0	199.0	179.0	179.0	157.0
466	212.0	175.0	158.0	158.0	139.0
467	213.0	176.0	158.0	158.0	140.0
468	234.0	196.0	177.0	177.0	157.0
469	222.0	186.0	168.0	168.0	149.0
470	226.0	186.0	165.0	165.0	146.0
471	218.0	180.0	162.0	162.0	142.0
472	230.0	193.0	173.0	173.0	155.0
473	227.0	189.0	170.0	170.0	152.0
474	221.0	182.0	165.0	165.0	143.0
475	220.0	182.0	162.0	162.0	143.0
476	237.0	198.0	178.0	178.0	159.0
477	234.0	194.0	175.0	175.0	154.0
478	220.0	181.0	162.0	162.0	143.0
479	219.0	180.0	162.0	162.0	144.0
480	238.0	198.0	179.0	179.0	159.0
481	232.0	193.0	173.0	173.0	154.0
482	239.0	196.0	173.0	173.0	152.0
483	217.0	181.0	162.0	162.0	142.0
484	231.0	193.0	175.0	175.0	155.0
485	224.0	187.0	170.0	170.0	150.0
486	226.0	186.0	167.0	167.0	146.0
487	225.0	186.0	165.0	165.0	145.0
488	229.0	193.0	174.0	174.0	155.0
489	227.0	189.0	170.0	170.0	151.0
490	220.0	182.0	162.0	162.0	143.0
491	222.0	182.0	164.0	164.0	144.0
492	243.0	202.0	182.0	182.0	161.0
493	230.0	193.0	174.0	174.0	155.0
494	219.0	180.0	162.0	162.0	142.0
495	226.0	187.0	167.0	167.0	147.0
496	229.0	192.0	173.0	173.0	154.0
497	236.0	196.0	177.0	177.0	156.0
498	223.0	183.0	163.0	163.0	143.0
499	227.0	187.0	166.0	166.0	147.0
500	241.0	199.0	180.0	180.0	159.0
501	227.0	189.0	170.0	170.0	151.0
502	222.0	183.0	164.0	164.0	145.0
503	230.0	190.0	169.0	169.0	147.0
504	239.0	200.0	180.0	180.0	160.0
505	229.0	192.0	172.0	172.0	153.0
506	211.0	175.0	157.0	157.0	138.0
507	221.0	182.0	163.0	163.0	144.0
508	253.0	210.0	188.0	188.0	166.0
509	231.0	192.0	174.0	174.0	155.0
510	220.0	182.0	163.0	163.0	143.0
511	226.0	186.0	165.0	165.0	146.0
512	239.0	199.0	179.0	179.0	159.0
513	239.0	198.0	179.0	179.0	159.0
514	213.0	175.0	156.0	156.0	138.0
515	214.0	176.0	157.0	157.0	138.0
516	232.0	195.0	174.0	174.0	155.0
517	228.0	191.0	174.0	174.0	153.0
518	216.0	180.0	161.0	161.0	142.0
519	213.0	176.0	158.0	158.0	139.0
520	230.0	192.0	173.0	173.0	155.0
521	231.0	193.0	174.0	174.0	154.0
522	220.0	181.0	163.0	163.0	142.0
523	215.0	178.0	160.0	160.0	140.0
524	230.0	192.0	172.0	172.0	153.0
525	230.0	192.0	173.0	173.0	154.0
526	223.0	183.0	163.0	163.0	144.0
527	229.0	188.0	168.0	168.0	147.0
528	225.0	189.0	171.0	171.0	153.0
529	236.0	197.0	176.0	176.0	155.0
530	223.0	184.0	164.0	164.0	143.0
531	227.0	186.0	167.0	167.0	146.0
532	246.0	204.0	183.0	183.0	163.0
533	237.0	198.0	176.0	176.0	156.0
534	226.0	187.0	166.0	166.0	146.0
535	221.0	183.0	163.0	163.0	143.0
536	240.0	200.0	181.0	181.0	161.0
537	228.0	190.0	171.0	171.0	152.0
538	223.0	184.0	165.0	165.0	145.0
539	218.0	180.0	162.0	162.0	142.0
540	244.0	203.0	183.0	183.0	163.0
541	237.0	196.0	176.0	176.0	156.0
542	222.0	182.0	162.0	162.0	143.0
543	216.0	178.0	160.0	160.0	141.0
544	230.0	194.0	175.0	175.0	157.0
545	228.0	191.0	171.0	171.0	153.0
546	221.0	181.0	162.0	162.0	143.0
547	214.0	177.0	159.0	159.0	141.0
548	237.0	198.0	179.0	179.0	160.0
549	234.0	196.0	176.0	176.0	157.0
550	213.0	176.0	157.0	157.0	139.0
551	230.0	190.0	170.0	170.0	149.0
552	231.0	193.0	175.0	175.0	154.0
553	232.0	193.0	174.0	174.0	154.0
554	212.0	176.0	157.0	157.0	138.0
555	217.0	180.0	162.0	162.0	142.0
556	239.0	199.0	179.0	179.0	159.0
557	234.0	196.0	175.0	175.0	157.0
558	221.0	183.0	164.0	164.0	145.0
559	218.0	180.0	161.0	161.0	143.0
560	237.0	197.0	177.0	177.0	157.0
561	227.0	188.0	172.0	172.0	152.0
562	217.0	180.0	160.0	160.0	141.0
563	214.0	177.0	160.0	160.0	141.0
564	235.0	198.0	179.0	179.0	160.0
565	220.0	184.0	166.0	166.0	148.0
566	218.0	180.0	161.0	161.0	142.0
567	215.0	178.0	159.0	159.0	140.0
568	235.0	196.0	176.0	176.0	157.0
569	237.0	196.0	177.0	177.0	156.0
570	216.0	179.0	160.0	160.0	142.0
571	218.0	180.0	161.0	161.0	142.0
572	225.0	190.0	171.0	171.0	152.0
573	234.0	194.0	174.0	174.0	155.0
574	218.0	181.0	162.0	162.0	143.0
575	221.0	182.0	162.0	162.0	143.0
576	240.0	202.0	183.0	183.0	162.0
577	225.0	188.0	170.0	170.0	151.0
578	223.0	184.0	165.0	165.0	144.0
579	218.0	181.0	161.0	161.0	142.0
580	236.0	199.0	179.0	179.0	159.0
581	222.0	185.0	168.0	168.0	149.0
582	214.0	177.0	159.0	159.0	139.0
583	235.0	194.0	172.0	172.0	151.0
584	231.0	193.0	175.0	175.0	156.0
585	227.0	190.0	170.0	170.0	150.0
586	217.0	180.0	160.0	160.0	141.0
587	219.0	181.0	161.0	161.0	142.0
588	228.0	190.0	171.0	171.0	153.0
589	235.0	196.0	177.0	177.0	157.0
590	211.0	175.0	157.0	157.0	139.0
591	220.0	183.0	165.0	165.0	144.0
592	232.0	194.0	176.0	176.0	156.0
593	219.0	184.0	165.0	165.0	147.0
594	219.0	181.0	162.0	162.0	142.0
595	221.0	184.0	164.0	164.0	145.0
596	224.0	187.0	171.0	171.0	151.0
597	225.0	188.0	170.0	170.0	149.0
598	213.0	176.0	159.0	159.0	138.0
599	224.0	185.0	165.0	165.0	144.0
600	241.0	201.0	183.0	183.0	163.0
601	224.0	187.0	168.0	168.0	149.0
602	217.0	178.0	161.0	161.0	141.0
603	230.0	188.0	168.0	168.0	147.0
604	227.0	191.0	173.0	173.0	155.0
605	222.0	185.0	168.0	168.0	149.0
606	224.0	186.0	166.0	166.0	146.0
607	212.0	174.0	156.0	156.0	137.0
608	234.0	197.0	177.0	177.0	158.0
609	234.0	195.0	175.0	175.0	155.0
610	222.0	182.0	162.0	162.0	144.0
611	218.0	179.0	161.0	161.0	142.0
612	235.0	196.0	177.0	177.0	156.0
613	235.0	196.0	176.0	176.0	157.0
614	220.0	181.0	161.0	161.0	141.0
615	226.0	185.0	165.0	165.0	144.0
616	233.0	195.0	175.0	175.0	156.0
617	230.0	193.0	174.0	174.0	155.0
618	214.0	177.0	159.0	159.0	140.0
619	215.0	178.0	160.0	160.0	141.0
620	233.0	194.0	175.0	175.0	157.0
621	239.0	199.0	179.0	179.0	158.0
622	217.0	180.0	160.0	160.0	141.0
623	217.0	180.0	162.0	162.0	143.0
624	245.0	206.0	184.0	184.0	163.0
625	233.0	194.0	174.0	174.0	153.0
626	222.0	184.0	164.0	164.0	144.0
627	216.0	178.0	160.0	160.0	141.0
628	234.0	194.0	176.0	176.0	157.0
629	227.0	188.0	169.0	169.0	150.0
630	215.0	177.0	158.0	158.0	139.0
631	217.0	179.0	161.0	161.0	141.0
632	241.0	202.0	182.0	182.0	161.0
633	224.0	186.0	168.0	168.0	149.0
634	214.0	178.0	160.0	160.0	141.0
635	209.0	173.0	155.0	155.0	137.0
636	245.0	204.0	184.0	184.0	162.0
637	229.0	191.0	172.0	172.0	153.0
638	215.0	178.0	159.0	159.0	141.0
639	218.0	180.0	161.0	161.0	141.0
640	230.0	194.0	175.0	175.0	155.0
641	227.0	189.0	171.0	171.0	151.0
642	210.0	175.0	157.0	157.0	138.0
643	214.0	177.0	160.0	160.0	140.0
644	233.0	196.0	177.0	177.0	158.0
645	234.0	195.0	175.0	175.0	154.0
646	222.0	183.0	163.0	163.0	143.0
647	213.0	177.0	159.0	159.0	140.0
648	238.0	200.0	181.0	181.0	162.0
649	222.0	186.0	169.0	169.0	149.0
650	228.0	189.0	170.0	170.0	149.0
651	220.0	180.0	159.0	159.0	139.0
652	243.0	203.0	183.0	183.0	164.0
653	230.0	191.0	172.0	172.0	153.0
654	334.0	268.0	234.0	234.0	201.0
655	211.0	175.0	156.0	156.0	137.0
656	240.0	200.0	181.0	181.0	161.0
657	222.0	184.0	166.0	166.0	147.0
658	223.0	185.0	166.0	166.0	146.0
659	217.0	180.0	161.0	161.0	141.0
660	247.0	207.0	188.0	188.0	167.0
661	227.0	189.0	169.0	169.0	152.0
662	218.0	180.0	162.0	162.0	142.0
663	215.0	177.0	159.0	159.0	139.0
664	233.0	196.0	178.0	178.0	160.0
665	220.0	183.0	165.0	165.0	147.0
666	217.0	180.0	160.0	160.0	141.0
667	221.0	183.0	163.0	163.0	144.0
668	247.0	208.0	186.0	186.0	166.0
669	231.0	193.0	172.0	172.0	153.0
670	216.0	178.0	160.0	160.0	140.0
671	224.0	183.0	163.0	163.0	144.0
672	233.0	194.0	176.0	176.0	156.0
673	220.0	183.0	166.0	166.0	146.0
674	220.0	181.0	162.0	162.0	142.0
675	227.0	188.0	167.0	167.0	147.0
676	222.0	187.0	169.0	169.0	151.0
677	233.0	193.0	173.0	173.0	152.0
678	219.0	181.0	162.0	162.0	142.0
679	214.0	176.0	159.0	159.0	140.0
680	227.0	191.0	172.0	172.0	154.0
681	223.0	187.0	168.0	168.0	149.0
682	213.0	176.0	158.0	158.0	138.0
683	222.0	183.0	164.0	164.0	144.0
684	227.0	191.0	172.0	172.0	154.0
685	220.0	183.0	166.0	166.0	147.0
686	215.0	178.0	160.0	160.0	140.0
687	229.0	188.0	169.0	169.0	148.0
688	237.0	198.0	179.0	179.0	158.0
689	237.0	197.0	177.0	177.0	156.0
690	217.0	179.0	161.0	161.0	141.0
691	234.0	193.0	172.0	172.0	151.0
692	232.0	194.0	175.0	175.0	157.0
693	234.0	195.0	175.0	175.0	154.0
694	220.0	182.0	162.0	162.0	143.0
695	212.0	176.0	158.0	158.0	139.0
696	250.0	209.0	188.0	188.0	168.0
697	230.0	190.0	171.0	171.0	151.0
698	224.0	186.0	166.0	166.0	147.0
699	220.0	182.0	163.0	163.0	145.0
700	234.0	196.0	178.0	178.0	159.0
701	227.0	188.0	169.0	169.0	150.0
702	227.0	188.0	168.0	168.0	147.0
703	228.0	188.0	167.0	167.0	147.0
704	232.0	194.0	176.0	176.0	157.0
705	224.0	187.0	169.0	169.0	149.0
706	214.0	176.0	159.0	159.0	140.0
707	223.0	183.0	165.0	165.0	145.0
708	238.0	199.0	179.0	179.0	159.0
709	227.0	189.0	171.0	171.0	152.0
710	216.0	178.0	160.0	160.0	142.0
711	218.0	180.0	161.0	161.0	142.0
712	240.0	201.0	181.0	181.0	161.0
713	225.0	187.0	167.0	167.0	149.0
714	224.0	185.0	166.0	166.0	146.0
715	218.0	180.0	163.0	163.0	143.0
716	234.0	196.0	178.0	178.0	157.0
717	228.0	191.0	171.0	171.0	153.0
718	215.0	177.0	158.0	158.0	139.0
719	221.0	182.0	163.0	163.0	144.0
720	228.0	192.0	173.0	173.0	155.0
721	228.0	189.0	171.0	171.0	150.0
722	217.0	178.0	159.0	159.0	140.0
723	223.0	184.0	164.0	164.0	144.0
724	232.0	195.0	176.0	176.0	157.0
725	227.0	190.0	171.0	171.0	152.0
726	224.0	185.0	164.0	164.0	145.0
727	215.0	178.0	160.0	160.0	141.0
728	230.0	192.0	173.0	173.0	155.0
729	233.0	195.0	175.0	175.0	156.0
730	212.0	176.0	158.0	158.0	139.0
731	211.0	177.0	157.0	157.0	139.0
732	228.0	191.0	173.0	173.0	154.0
733	226.0	188.0	170.0	170.0	151.0
734	221.0	183.0	163.0	163.0	144.0
735	232.0	191.0	170.0	170.0	149.0
736	235.0	198.0	178.0	178.0	160.0
737	233.0	194.0	175.0	175.0	155.0
738	218.0	181.0	162.0	162.0	143.0
739	217.0	180.0	161.0	161.0	141.0
740	231.0	195.0	175.0	175.0	157.0
741	223.0	186.0	168.0	168.0	150.0
742	231.0	191.0	170.0	170.0	148.0
743	217.0	180.0	160.0	160.0	141.0
744	238.0	199.0	178.0	178.0	160.0
745	223.0	186.0	167.0	167.0	149.0
746	225.0	186.0	167.0	167.0	149.0
747	220.0	181.0	162.0	162.0	144.0
748	237.0	199.0	180.0	180.0	161.0
749	228.0	189.0	171.0	171.0	151.0
750	219.0	182.0	162.0	162.0	145.0
751	220.0	181.0	163.0	163.0	143.0
752	239.0	200.0	179.0	179.0	161.0
753	230.0	190.0	170.0	170.0	152.0
754	240.0	196.0	176.0	176.0	155.0
755	218.0	180.0	162.0	162.0	141.0
756	233.0	197.0	177.0	177.0	158.0
757	227.0	190.0	170.0	170.0	152.0
758	217.0	179.0	160.0	160.0	142.0
759	214.0	178.0	158.0	158.0	139.0
760	235.0	196.0	177.0	177.0	157.0
761	228.0	189.0	169.0	169.0	150.0
762	218.0	181.0	163.0	163.0	144.0
763	219.0	182.0	162.0	162.0	143.0
764	243.0	204.0	185.0	185.0	164.0
765	224.0	186.0	168.0	168.0	149.0
766	215.0	177.0	160.0	160.0	141.0
767	221.0	181.0	161.0	161.0	141.0
768	238.0	200.0	179.0	179.0	161.0
769	234.0	194.0	173.0	173.0	154.0
770	221.0	183.0	165.0	165.0	145.0
771	222.0	183.0	164.0	164.0	142.0
772	235.0	197.0	178.0	178.0	158.0
773	224.0	187.0	168.0	168.0	149.0
774	222.0	183.0	164.0	164.0	145.0
775	218.0	179.0	160.0	160.0	142.0
776	234.0	196.0	176.0	176.0	157.0
777	224.0	184.0	167.0	167.0	147.0
778	213.0	177.0	159.0	159.0	141.0
779	220.0	181.0	162.0	162.0	142.0
780	237.0	199.0	179.0	179.0	162.0
781	223.0	186.0	166.0	166.0	147.0
782	222.0	183.0	165.0	165.0	145.0
783	214.0	177.0	158.0	158.0	138.0
784	232.0	194.0	176.0	176.0	158.0
785	225.0	187.0	169.0	169.0	149.0
786	220.0	182.0	163.0	163.0	144.0
787	210.0	174.0	155.0	155.0	136.0
788	233.0	196.0	177.0	177.0	159.0
789	229.0	190.0	171.0	171.0	151.0
790	221.0	183.0	165.0	165.0	146.0
791	370.0	295.0	255.0	255.0	218.0
792	236.0	198.0	179.0	179.0	160.0
793	229.0	190.0	170.0	170.0	151.0
794	222.0	183.0	164.0	164.0	145.0
795	220.0	180.0	161.0	161.0	141.0
796	233.0	194.0	176.0	176.0	157.0
797	226.0	189.0	170.0	170.0	151.0
798	217.0	181.0	163.0	163.0	144.0
799	214.0	177.0	158.0	158.0	139.0
800	233.0	196.0	177.0	177.0	159.0
801	227.0	189.0	168.0	168.0	151.0
802	218.0	179.0	161.0	161.0	143.0
803	222.0	183.0	164.0	164.0	143.0
804	235.0	199.0	180.0	180.0	161.0
805	222.0	184.0	164.0	164.0	147.0
806	236.0	194.0	173.0	173.0	153.0
807	216.0	178.0	159.0	159.0	141.0
808	231.0	194.0	174.0	174.0	156.0
809	226.0	188.0	169.0	169.0	149.0
810	218.0	180.0	161.0	161.0	143.0
811	221.0	182.0	163.0	163.0	143.0
812	233.0	194.0	176.0	176.0	158.0
813	229.0	190.0	171.0	171.0	152.0
814	224.0	185.0	167.0	167.0	147.0
815	209.0	174.0	155.0	155.0	137.0
816	239.0	200.0	182.0	182.0	162.0
817	259.0	213.0	190.0	190.0	166.0
818	219.0	182.0	163.0	163.0	144.0
819	228.0	187.0	167.0	167.0	147.0
820	244.0	204.0	184.0	184.0	164.0
821	225.0	187.0	168.0	168.0	149.0
822	218.0	181.0	164.0	164.0	145.0
823	215.0	177.0	158.0	158.0	140.0
824	230.0	194.0	175.0	175.0	157.0
825	230.0	191.0	171.0	171.0	152.0
826	215.0	179.0	160.0	160.0	142.0
827	225.0	185.0	166.0	166.0	146.0
828	236.0	199.0	181.0	181.0	160.0
829	223.0	186.0	166.0	166.0	148.0
830	222.0	183.0	165.0	165.0	146.0
831	219.0	180.0	160.0	160.0	141.0
832	233.0	196.0	177.0	177.0	158.0
833	224.0	186.0	167.0	167.0	148.0
834	216.0	178.0	160.0	160.0	142.0
835	214.0	176.0	156.0	156.0	137.0
836	234.0	196.0	177.0	177.0	158.0
837	222.0	183.0	166.0	166.0	147.0
838	218.0	180.0	161.0	161.0	142.0
839	213.0	175.0	155.0	155.0	138.0
840	239.0	201.0	181.0	181.0	163.0
841	226.0	188.0	168.0	168.0	149.0
842	221.0	184.0	165.0	165.0	145.0
843	216.0	176.0	157.0	157.0	138.0
844	241.0	201.0	183.0	183.0	164.0
845	239.0	197.0	175.0	175.0	157.0
846	218.0	181.0	161.0	161.0	143.0
847	212.0	175.0	155.0	155.0	136.0
848	236.0	197.0	178.0	178.0	158.0
849	230.0	190.0	171.0	171.0	152.0
850	220.0	183.0	163.0	163.0	144.0
851	221.0	181.0	162.0	162.0	144.0
852	233.0	196.0	177.0	177.0	158.0
853	230.0	191.0	172.0	172.0	153.0
854	220.0	180.0	161.0	161.0	142.0
855	223.0	184.0	166.0	166.0	146.0
856	237.0	198.0	179.0	179.0	160.0
857	228.0	189.0	171.0	171.0	153.0
858	220.0	181.0	162.0	162.0	142.0
859	216.0	178.0	159.0	159.0	141.0
860	243.0	202.0	181.0	181.0	162.0
861	229.0	191.0	172.0	172.0	152.0
862	225.0	185.0	166.0	166.0	146.0
863	211.0	174.0	156.0	156.0	137.0
864	272.0	225.0	201.0	201.0	177.0
865	233.0	195.0	175.0	175.0	157.0
866	216.0	178.0	161.0	161.0	142.0
867	220.0	180.0	160.0	160.0	141.0
868	237.0	198.0	178.0	178.0	159.0
869	230.0	192.0	170.0	170.0	151.0
870	219.0	182.0	163.0	163.0	144.0
871	217.0	179.0	160.0	160.0	142.0
872	240.0	200.0	181.0	181.0	162.0
873	224.0	185.0	168.0	168.0	148.0
874	242.0	198.0	177.0	177.0	156.0
875	217.0	179.0	160.0	160.0	142.0
876	232.0	194.0	175.0	175.0	157.0
877	230.0	191.0	172.0	172.0	153.0
878	226.0	186.0	167.0	167.0	147.0
879	214.0	176.0	156.0	156.0	138.0
880	233.0	195.0	175.0	175.0	158.0
881	230.0	191.0	171.0	171.0	152.0
882	215.0	177.0	159.0	159.0	141.0
883	217.0	178.0	159.0	159.0	140.0
884	239.0	200.0	181.0	181.0	161.0
885	235.0	194.0	175.0	175.0	153.0
886	223.0	184.0	164.0	164.0	146.0
887	216.0	178.0	159.0	159.0	141.0
888	235.0	197.0	178.0	178.0	159.0
889	236.0	195.0	175.0	175.0	154.0
890	219.0	181.0	162.0	162.0	142.0
891	222.0	182.0	163.0	163.0	143.0
892	232.0	194.0	175.0	175.0	157.0
893	224.0	186.0	167.0	167.0	149.0
894	220.0	183.0	164.0	164.0	146.0
895	228.0	188.0	166.0	166.0	146.0
896	237.0	198.0	179.0	179.0	159.0
897	225.0	186.0	168.0	168.0	149.0
898	225.0	185.0	165.0	165.0	147.0
899	221.0	182.0	162.0	162.0	144.0
900	235.0	197.0	179.0	179.0	160.0
901	224.0	186.0	166.0	166.0	148.0
902	227.0	188.0	168.0	168.0	148.0
903	216.0	178.0	160.0	160.0	140.0
904	229.0	192.0	173.0	173.0	155.0
905	239.0	198.0	176.0	176.0	156.0
906	220.0	182.0	163.0	163.0	145.0
907	216.0	178.0	159.0	159.0	141.0
908	241.0	204.0	183.0	183.0	163.0
909	230.0	191.0	170.0	170.0	150.0
910	226.0	186.0	167.0	167.0	148.0
911	221.0	181.0	161.0	161.0	143.0
912	239.0	200.0	182.0	182.0	162.0
913	222.0	184.0	165.0	165.0	146.0
914	230.0	190.0	170.0	170.0	151.0
915	209.0	171.0	153.0	153.0	135.0
916	243.0	204.0	184.0	184.0	165.0
917	231.0	190.0	170.0	170.0	150.0
918	228.0	189.0	168.0	168.0	150.0
919	213.0	176.0	157.0	157.0	138.0
920	251.0	208.0	187.0	187.0	167.0
921	222.0	184.0	165.0	165.0	147.0
922	228.0	188.0	170.0	170.0	150.0
923	214.0	176.0	158.0	158.0	139.0
924	234.0	196.0	177.0	177.0	159.0
925	223.0	185.0	165.0	165.0	147.0
926	226.0	187.0	167.0	167.0	148.0
927	212.0	174.0	156.0	156.0	138.0
928	244.0	203.0	184.0	184.0	163.0
929	234.0	195.0	174.0	174.0	155.0
930	221.0	182.0	164.0	164.0	143.0
931	213.0	175.0	156.0	156.0	135.0
932	261.0	217.0	195.0	195.0	173.0
933	228.0	188.0	168.0	168.0	150.0
934	230.0	191.0	170.0	170.0	151.0
935	214.0	177.0	157.0	157.0	139.0
936	235.0	197.0	179.0	179.0	159.0
937	223.0	184.0	166.0	166.0	146.0
938	226.0	188.0	168.0	168.0	148.0
939	216.0	178.0	159.0	159.0	138.0
940	237.0	198.0	180.0	180.0	160.0
941	228.0	189.0	169.0	169.0	150.0
942	224.0	184.0	164.0	164.0	146.0
943	213.0	175.0	155.0	155.0	137.0
944	237.0	198.0	179.0	179.0	160.0
945	230.0	192.0	174.0	174.0	153.0
946	225.0	186.0	165.0	165.0	146.0
947	218.0	180.0	160.0	160.0	141.0
948	238.0	198.0	179.0	179.0	160.0
949	232.0	191.0	170.0	170.0	150.0
950	221.0	183.0	164.0	164.0	145.0
951	224.0	184.0	165.0	165.0	143.0
952	361.0	292.0	256.0	256.0	222.0
953	221.0	184.0	165.0	165.0	147.0
954	224.0	185.0	164.0	164.0	144.0
955	213.0	175.0	156.0	156.0	138.0
956	240.0	201.0	181.0	181.0	161.0
957	225.0	187.0	167.0	167.0	148.0
958	230.0	190.0	170.0	170.0	150.0
959	215.0	177.0	160.0	160.0	141.0
960	235.0	196.0	175.0	175.0	157.0
961	234.0	194.0	173.0	173.0	153.0
962	226.0	188.0	167.0	167.0	148.0
963	218.0	179.0	161.0	161.0	143.0
964	232.0	194.0	175.0	175.0	156.0
965	223.0	185.0	168.0	168.0	148.0
966	221.0	184.0	164.0	164.0	144.0
967	217.0	178.0	160.0	160.0	140.0
968	231.0	193.0	174.0	174.0	156.0
969	226.0	187.0	169.0	169.0	148.0
970	218.0	180.0	161.0	161.0	142.0
971	216.0	178.0	158.0	158.0	140.0
972	235.0	198.0	178.0	178.0	157.0
973	232.0	193.0	173.0	173.0	154.0
974	228.0	189.0	169.0	169.0	149.0
975	215.0	176.0	159.0	159.0	138.0
976	240.0	201.0	180.0	180.0	162.0
977	223.0	185.0	165.0	165.0	147.0
978	223.0	184.0	165.0	165.0	146.0
979	218.0	179.0	160.0	160.0	141.0
980	231.0	194.0	176.0	176.0	157.0
981	231.0	192.0	174.0	174.0	153.0
982	226.0	185.0	165.0	165.0	146.0
983	219.0	179.0	160.0	160.0	141.0
984	242.0	202.0	182.0	182.0	162.0
985	230.0	190.0	170.0	170.0	151.0
986	215.0	178.0	159.0	159.0	140.0
987	218.0	181.0	161.0	161.0	143.0
988	237.0	198.0	179.0	179.0	160.0
989	226.0	186.0	169.0	169.0	149.0
990	225.0	185.0	166.0	166.0	145.0
991	224.0	186.0	166.0	166.0	146.0
992	230.0	193.0	174.0	174.0	155.0
993	224.0	185.0	166.0	166.0	148.0
994	229.0	188.0	168.0	168.0	147.0
995	218.0	180.0	161.0	161.0	143.0
996	241.0	202.0	181.0	181.0	161.0
997	234.0	195.0	174.0	174.0	154.0
998	220.0	181.0	162.0	162.0	142.0
999	217.0	178.0	160.0	160.0	140.0
1000	236.0	197.0	177.0	177.0	158.0
1001	228.0	190.0	171.0	171.0	151.0
1002	221.0	183.0	163.0	163.0	144.0
1003	229.0	189.0	168.0	168.0	147.0
1004	238.0	200.0	179.0	179.0	160.0
1005	228.0	189.0	170.0	170.0	151.0
1006	223.0	184.0	165.0	165.0	146.0
1007	220.0	181.0	162.0	162.0	142.0
1008	241.0	201.0	182.0	182.0	162.0
1009	230.0	192.0	171.0	171.0	152.0
1010	232.0	193.0	172.0	172.0	152.0
1011	225.0	185.0	165.0	165.0	145.0
1012	246.0	205.0	186.0	186.0	164.0
1013	231.0	192.0	173.0	173.0	153.0
1014	227.0	186.0	167.0	167.0	147.0
1015	217.0	180.0	160.0	160.0	142.0
1016	235.0	196.0	177.0	177.0	158.0
1017	236.0	195.0	175.0	175.0	155.0
1018	226.0	186.0	166.0	166.0	147.0
1019	216.0	178.0	159.0	159.0	140.0
1020	245.0	203.0	182.0	182.0	162.0
1021	229.0	190.0	171.0	171.0	151.0
1022	229.0	189.0	169.0	169.0	149.0
1023	222.0	183.0	164.0	164.0	144.0
1024	234.0	194.0	173.0	173.0	154.0
