/*Tiempo de exposicion:	0.6	0.42	0.3	0.3	0.24
/*Numero de Scans	1	1	1	1	1
/*Scans Ignorados	0	0	0	0	0
/*Modo de Adquiquisicion	1 	1 	1 	1 	1 
/*Temperatura del detector	0 	0 	0 	0 	0 
/*Red	1	1	1	1	1
/*Posicion del Contador	000	000	000	000	000
/*Archivo:	barridoP_0053.OMAIII	barridoP_0052.OMAIII	barridoP_0051.OMAIII	barridoP_0051.OMAIII	barridoP_0050.OMAIII
1	61.0	60.0	60.0	60.0	61.0
2	0.0	0.0	0.0	0.0	0.0
3	29.0	18.0	10.0	10.0	6.0
4	122.0	110.0	104.0	104.0	98.0
5	114.0	103.0	96.0	96.0	90.0
6	97.0	87.0	79.0	79.0	76.0
7	99.0	89.0	80.0	80.0	76.0
8	111.0	100.0	92.0	92.0	88.0
9	113.0	101.0	94.0	94.0	91.0
10	93.0	82.0	75.0	75.0	71.0
11	100.0	89.0	81.0	81.0	77.0
12	125.0	113.0	107.0	107.0	103.0
13	106.0	96.0	89.0	89.0	84.0
14	90.0	80.0	72.0	72.0	69.0
15	101.0	90.0	82.0	82.0	78.0
16	118.0	106.0	98.0	98.0	94.0
17	115.0	103.0	95.0	95.0	90.0
18	94.0	83.0	75.0	75.0	72.0
19	112.0	97.0	87.0	87.0	82.0
20	111.0	101.0	94.0	94.0	90.0
21	112.0	99.0	91.0	91.0	88.0
22	104.0	93.0	86.0	86.0	82.0
23	100.0	90.0	83.0	83.0	79.0
24	116.0	104.0	97.0	97.0	93.0
25	113.0	101.0	92.0	92.0	87.0
26	103.0	90.0	82.0	82.0	77.0
27	105.0	93.0	85.0	85.0	80.0
28	114.0	103.0	95.0	95.0	91.0
29	115.0	103.0	94.0	94.0	90.0
30	101.0	89.0	81.0	81.0	76.0
31	99.0	88.0	80.0	80.0	77.0
32	113.0	102.0	94.0	94.0	92.0
33	107.0	96.0	89.0	89.0	85.0
34	96.0	85.0	77.0	77.0	74.0
35	93.0	82.0	74.0	74.0	71.0
36	118.0	106.0	99.0	99.0	95.0
37	116.0	105.0	97.0	97.0	94.0
38	95.0	84.0	77.0	77.0	74.0
39	107.0	95.0	87.0	87.0	84.0
40	114.0	103.0	95.0	95.0	92.0
41	110.0	98.0	90.0	90.0	86.0
42	97.0	86.0	79.0	79.0	75.0
43	99.0	89.0	82.0	82.0	78.0
44	112.0	100.0	94.0	94.0	91.0
45	109.0	98.0	90.0	90.0	87.0
46	99.0	88.0	81.0	81.0	77.0
47	101.0	90.0	84.0	84.0	79.0
48	113.0	102.0	96.0	96.0	92.0
49	111.0	99.0	91.0	91.0	87.0
50	98.0	86.0	79.0	79.0	76.0
51	110.0	96.0	87.0	87.0	83.0
52	113.0	101.0	95.0	95.0	90.0
53	111.0	99.0	92.0	92.0	89.0
54	100.0	88.0	80.0	80.0	76.0
55	103.0	91.0	84.0	84.0	80.0
56	113.0	102.0	95.0	95.0	90.0
57	106.0	95.0	89.0	89.0	84.0
58	97.0	86.0	80.0	80.0	76.0
59	101.0	89.0	82.0	82.0	78.0
60	117.0	106.0	98.0	98.0	95.0
61	110.0	97.0	91.0	91.0	87.0
62	96.0	85.0	79.0	79.0	74.0
63	104.0	92.0	84.0	84.0	81.0
64	119.0	107.0	100.0	100.0	96.0
65	110.0	98.0	91.0	91.0	88.0
66	96.0	85.0	79.0	79.0	75.0
67	100.0	89.0	82.0	82.0	78.0
68	113.0	103.0	96.0	96.0	92.0
69	106.0	96.0	89.0	89.0	85.0
70	96.0	86.0	77.0	77.0	75.0
71	101.0	90.0	82.0	82.0	79.0
72	114.0	102.0	96.0	96.0	92.0
73	107.0	96.0	89.0	89.0	85.0
74	100.0	89.0	82.0	82.0	77.0
75	103.0	92.0	85.0	85.0	82.0
76	110.0	101.0	93.0	93.0	89.0
77	108.0	97.0	90.0	90.0	86.0
78	106.0	94.0	87.0	87.0	82.0
79	102.0	90.0	82.0	82.0	78.0
80	113.0	102.0	95.0	95.0	91.0
81	109.0	99.0	90.0	90.0	87.0
82	96.0	85.0	77.0	77.0	73.0
83	104.0	92.0	85.0	85.0	82.0
84	118.0	107.0	100.0	100.0	95.0
85	104.0	95.0	87.0	87.0	83.0
86	101.0	91.0	84.0	84.0	80.0
87	107.0	94.0	87.0	87.0	83.0
88	111.0	99.0	92.0	92.0	88.0
89	108.0	97.0	89.0	89.0	85.0
90	104.0	93.0	85.0	85.0	82.0
91	99.0	89.0	81.0	81.0	78.0
92	111.0	99.0	93.0	93.0	89.0
93	111.0	99.0	92.0	92.0	88.0
94	100.0	88.0	80.0	80.0	75.0
95	102.0	92.0	84.0	84.0	80.0
96	112.0	101.0	96.0	96.0	91.0
97	111.0	100.0	93.0	93.0	88.0
98	99.0	87.0	80.0	80.0	76.0
99	102.0	91.0	84.0	84.0	79.0
100	117.0	105.0	97.0	97.0	92.0
101	107.0	96.0	88.0	88.0	85.0
102	103.0	91.0	83.0	83.0	79.0
103	104.0	93.0	87.0	87.0	81.0
104	119.0	109.0	101.0	101.0	97.0
105	110.0	100.0	93.0	93.0	89.0
106	100.0	89.0	82.0	82.0	79.0
107	103.0	92.0	85.0	85.0	80.0
108	112.0	101.0	95.0	95.0	90.0
109	108.0	98.0	90.0	90.0	87.0
110	95.0	85.0	78.0	78.0	75.0
111	101.0	90.0	82.0	82.0	79.0
112	113.0	103.0	94.0	94.0	91.0
113	112.0	101.0	93.0	93.0	91.0
114	96.0	85.0	79.0	79.0	74.0
115	97.0	86.0	79.0	79.0	76.0
116	115.0	104.0	97.0	97.0	93.0
117	115.0	103.0	96.0	96.0	93.0
118	98.0	89.0	81.0	81.0	77.0
119	97.0	87.0	80.0	80.0	76.0
120	122.0	109.0	100.0	100.0	95.0
121	124.0	113.0	106.0	106.0	102.0
122	97.0	88.0	80.0	80.0	77.0
123	109.0	99.0	90.0	90.0	87.0
124	110.0	99.0	93.0	93.0	88.0
125	121.0	111.0	103.0	103.0	99.0
126	101.0	91.0	84.0	84.0	80.0
127	104.0	93.0	85.0	85.0	80.0
128	112.0	103.0	94.0	94.0	91.0
129	111.0	101.0	94.0	94.0	90.0
130	96.0	86.0	79.0	79.0	75.0
131	105.0	93.0	86.0	86.0	82.0
132	114.0	102.0	96.0	96.0	91.0
133	118.0	107.0	99.0	99.0	96.0
134	101.0	89.0	81.0	81.0	78.0
135	107.0	97.0	90.0	90.0	86.0
136	112.0	101.0	93.0	93.0	91.0
137	115.0	104.0	95.0	95.0	90.0
138	100.0	87.0	80.0	80.0	76.0
139	102.0	91.0	83.0	83.0	80.0
140	118.0	106.0	100.0	100.0	95.0
141	113.0	100.0	91.0	91.0	88.0
142	114.0	98.0	88.0	88.0	83.0
143	97.0	87.0	80.0	80.0	76.0
144	114.0	103.0	95.0	95.0	90.0
145	111.0	101.0	92.0	92.0	88.0
146	101.0	87.0	81.0	81.0	77.0
147	104.0	92.0	85.0	85.0	82.0
148	115.0	103.0	97.0	97.0	93.0
149	108.0	96.0	88.0	88.0	86.0
150	102.0	90.0	83.0	83.0	80.0
151	101.0	90.0	83.0	83.0	79.0
152	111.0	101.0	94.0	94.0	91.0
153	110.0	98.0	91.0	91.0	88.0
154	106.0	93.0	85.0	85.0	80.0
155	104.0	93.0	85.0	85.0	83.0
156	111.0	101.0	94.0	94.0	91.0
157	108.0	97.0	90.0	90.0	86.0
158	96.0	86.0	78.0	78.0	76.0
159	102.0	91.0	83.0	83.0	80.0
160	113.0	102.0	96.0	96.0	92.0
161	107.0	97.0	89.0	89.0	87.0
162	97.0	88.0	81.0	81.0	77.0
163	101.0	90.0	83.0	83.0	80.0
164	115.0	105.0	97.0	97.0	94.0
165	112.0	101.0	92.0	92.0	88.0
166	102.0	90.0	83.0	83.0	79.0
167	101.0	91.0	84.0	84.0	79.0
168	114.0	103.0	96.0	96.0	92.0
169	111.0	99.0	93.0	93.0	90.0
170	103.0	92.0	84.0	84.0	81.0
171	104.0	93.0	85.0	85.0	82.0
172	112.0	101.0	94.0	94.0	91.0
173	107.0	96.0	89.0	89.0	85.0
174	101.0	89.0	82.0	82.0	79.0
175	101.0	89.0	82.0	82.0	79.0
176	115.0	104.0	96.0	96.0	92.0
177	110.0	100.0	92.0	92.0	88.0
178	96.0	86.0	79.0	79.0	75.0
179	103.0	92.0	84.0	84.0	80.0
180	113.0	101.0	95.0	95.0	90.0
181	110.0	99.0	92.0	92.0	88.0
182	107.0	96.0	86.0	86.0	82.0
183	102.0	93.0	85.0	85.0	81.0
184	115.0	104.0	97.0	97.0	92.0
185	106.0	96.0	88.0	88.0	84.0
186	98.0	87.0	79.0	79.0	76.0
187	101.0	91.0	84.0	84.0	80.0
188	112.0	102.0	94.0	94.0	91.0
189	111.0	101.0	93.0	93.0	90.0
190	98.0	87.0	80.0	80.0	77.0
191	101.0	89.0	83.0	83.0	79.0
192	118.0	107.0	97.0	97.0	93.0
193	108.0	97.0	90.0	90.0	85.0
194	100.0	89.0	82.0	82.0	76.0
195	105.0	93.0	86.0	86.0	82.0
196	114.0	103.0	95.0	95.0	93.0
197	108.0	98.0	91.0	91.0	87.0
198	100.0	87.0	80.0	80.0	77.0
199	112.0	98.0	89.0	89.0	85.0
200	114.0	104.0	96.0	96.0	93.0
201	110.0	100.0	90.0	90.0	88.0
202	100.0	89.0	81.0	81.0	77.0
203	102.0	90.0	84.0	84.0	79.0
204	118.0	106.0	99.0	99.0	95.0
205	115.0	103.0	94.0	94.0	91.0
206	102.0	90.0	82.0	82.0	79.0
207	102.0	91.0	83.0	83.0	79.0
208	111.0	100.0	92.0	92.0	89.0
209	109.0	98.0	90.0	90.0	86.0
210	103.0	91.0	83.0	83.0	81.0
211	105.0	94.0	86.0	86.0	83.0
212	116.0	104.0	97.0	97.0	93.0
213	110.0	99.0	90.0	90.0	85.0
214	99.0	89.0	81.0	81.0	78.0
215	103.0	93.0	85.0	85.0	81.0
216	110.0	99.0	92.0	92.0	90.0
217	113.0	102.0	94.0	94.0	91.0
218	100.0	89.0	81.0	81.0	78.0
219	121.0	104.0	95.0	95.0	88.0
220	115.0	104.0	97.0	97.0	94.0
221	113.0	101.0	93.0	93.0	90.0
222	101.0	90.0	82.0	82.0	79.0
223	100.0	89.0	81.0	81.0	77.0
224	111.0	100.0	92.0	92.0	88.0
225	112.0	101.0	93.0	93.0	90.0
226	102.0	91.0	84.0	84.0	78.0
227	107.0	95.0	87.0	87.0	82.0
228	111.0	102.0	94.0	94.0	91.0
229	110.0	99.0	92.0	92.0	88.0
230	101.0	90.0	82.0	82.0	79.0
231	101.0	90.0	83.0	83.0	79.0
232	112.0	101.0	93.0	93.0	89.0
233	112.0	101.0	94.0	94.0	90.0
234	100.0	89.0	82.0	82.0	78.0
235	105.0	94.0	86.0	86.0	82.0
236	112.0	101.0	94.0	94.0	91.0
237	109.0	98.0	90.0	90.0	87.0
238	104.0	92.0	84.0	84.0	82.0
239	102.0	92.0	84.0	84.0	81.0
240	114.0	103.0	96.0	96.0	92.0
241	109.0	98.0	91.0	91.0	88.0
242	98.0	87.0	80.0	80.0	76.0
243	101.0	90.0	83.0	83.0	79.0
244	116.0	104.0	96.0	96.0	93.0
245	112.0	101.0	93.0	93.0	89.0
246	100.0	89.0	81.0	81.0	78.0
247	101.0	90.0	83.0	83.0	78.0
248	114.0	103.0	96.0	96.0	91.0
249	111.0	101.0	93.0	93.0	89.0
250	98.0	86.0	79.0	79.0	76.0
251	107.0	94.0	88.0	88.0	83.0
252	114.0	102.0	95.0	95.0	91.0
253	110.0	99.0	91.0	91.0	88.0
254	104.0	92.0	84.0	84.0	81.0
255	102.0	91.0	83.0	83.0	79.0
256	117.0	104.0	97.0	97.0	93.0
257	107.0	97.0	90.0	90.0	86.0
258	100.0	91.0	83.0	83.0	79.0
259	105.0	93.0	84.0	84.0	82.0
260	112.0	101.0	94.0	94.0	90.0
261	111.0	99.0	92.0	92.0	88.0
262	104.0	92.0	83.0	83.0	80.0
263	102.0	92.0	83.0	83.0	81.0
264	118.0	105.0	97.0	97.0	93.0
265	112.0	100.0	93.0	93.0	88.0
266	99.0	89.0	81.0	81.0	78.0
267	108.0	96.0	88.0	88.0	85.0
268	117.0	105.0	98.0	98.0	95.0
269	115.0	103.0	97.0	97.0	92.0
270	102.0	90.0	82.0	82.0	78.0
271	103.0	92.0	84.0	84.0	80.0
272	116.0	105.0	97.0	97.0	94.0
273	110.0	99.0	91.0	91.0	87.0
274	114.0	99.0	91.0	91.0	85.0
275	105.0	93.0	86.0	86.0	82.0
276	114.0	101.0	94.0	94.0	91.0
277	107.0	96.0	89.0	89.0	86.0
278	104.0	93.0	84.0	84.0	79.0
279	102.0	92.0	83.0	83.0	79.0
280	117.0	105.0	97.0	97.0	93.0
281	115.0	103.0	94.0	94.0	91.0
282	102.0	89.0	82.0	82.0	78.0
283	103.0	92.0	84.0	84.0	81.0
284	115.0	103.0	96.0	96.0	93.0
285	114.0	103.0	96.0	96.0	91.0
286	101.0	90.0	83.0	83.0	79.0
287	105.0	93.0	85.0	85.0	82.0
288	114.0	103.0	96.0	96.0	92.0
289	113.0	100.0	94.0	94.0	90.0
290	102.0	92.0	84.0	84.0	81.0
291	109.0	97.0	89.0	89.0	85.0
292	115.0	104.0	96.0	96.0	93.0
293	108.0	96.0	89.0	89.0	85.0
294	101.0	89.0	83.0	83.0	79.0
295	105.0	94.0	86.0	86.0	82.0
296	116.0	104.0	96.0	96.0	93.0
297	109.0	98.0	92.0	92.0	88.0
298	102.0	88.0	82.0	82.0	78.0
299	104.0	92.0	86.0	86.0	81.0
300	116.0	105.0	97.0	97.0	93.0
301	114.0	103.0	95.0	95.0	92.0
302	99.0	88.0	81.0	81.0	77.0
303	102.0	91.0	83.0	83.0	80.0
304	116.0	105.0	97.0	97.0	94.0
305	113.0	101.0	94.0	94.0	90.0
306	102.0	90.0	83.0	83.0	79.0
307	109.0	97.0	89.0	89.0	85.0
308	119.0	107.0	98.0	98.0	95.0
309	110.0	99.0	91.0	91.0	88.0
310	99.0	88.0	80.0	80.0	78.0
311	102.0	91.0	83.0	83.0	79.0
312	119.0	106.0	98.0	98.0	93.0
313	115.0	103.0	95.0	95.0	91.0
314	102.0	90.0	82.0	82.0	80.0
315	106.0	95.0	87.0	87.0	82.0
316	116.0	105.0	96.0	96.0	91.0
317	115.0	102.0	94.0	94.0	89.0
318	103.0	91.0	84.0	84.0	80.0
319	105.0	93.0	84.0	84.0	80.0
320	115.0	103.0	96.0	96.0	92.0
321	115.0	104.0	96.0	96.0	94.0
322	105.0	93.0	84.0	84.0	81.0
323	105.0	94.0	86.0	86.0	81.0
324	118.0	107.0	100.0	100.0	95.0
325	113.0	101.0	93.0	93.0	90.0
326	103.0	90.0	83.0	83.0	79.0
327	105.0	94.0	85.0	85.0	81.0
328	120.0	108.0	100.0	100.0	97.0
329	122.0	109.0	98.0	98.0	94.0
330	103.0	92.0	84.0	84.0	81.0
331	103.0	93.0	85.0	85.0	81.0
332	121.0	108.0	101.0	101.0	95.0
333	114.0	101.0	94.0	94.0	90.0
334	106.0	93.0	86.0	86.0	82.0
335	102.0	91.0	84.0	84.0	81.0
336	115.0	104.0	96.0	96.0	93.0
337	115.0	103.0	94.0	94.0	91.0
338	105.0	93.0	85.0	85.0	81.0
339	99.0	88.0	81.0	81.0	77.0
340	115.0	104.0	97.0	97.0	94.0
341	116.0	104.0	96.0	96.0	92.0
342	101.0	90.0	82.0	82.0	79.0
343	105.0	93.0	86.0	86.0	81.0
344	117.0	106.0	99.0	99.0	93.0
345	116.0	104.0	97.0	97.0	92.0
346	104.0	92.0	84.0	84.0	80.0
347	102.0	91.0	84.0	84.0	80.0
348	116.0	105.0	98.0	98.0	94.0
349	111.0	100.0	92.0	92.0	89.0
350	103.0	92.0	85.0	85.0	81.0
351	104.0	94.0	86.0	86.0	81.0
352	118.0	107.0	101.0	101.0	97.0
353	117.0	105.0	97.0	97.0	93.0
354	101.0	90.0	82.0	82.0	79.0
355	102.0	89.0	82.0	82.0	79.0
356	119.0	106.0	99.0	99.0	95.0
357	112.0	102.0	95.0	95.0	91.0
358	102.0	91.0	82.0	82.0	79.0
359	103.0	91.0	85.0	85.0	82.0
360	122.0	109.0	101.0	101.0	98.0
361	112.0	101.0	95.0	95.0	91.0
362	104.0	92.0	84.0	84.0	80.0
363	105.0	94.0	86.0	86.0	83.0
364	118.0	107.0	99.0	99.0	96.0
365	112.0	101.0	93.0	93.0	89.0
366	104.0	92.0	85.0	85.0	81.0
367	102.0	91.0	83.0	83.0	81.0
368	117.0	106.0	98.0	98.0	95.0
369	117.0	105.0	98.0	98.0	94.0
370	106.0	93.0	86.0	86.0	81.0
371	104.0	93.0	87.0	87.0	83.0
372	119.0	107.0	100.0	100.0	96.0
373	111.0	99.0	91.0	91.0	87.0
374	106.0	94.0	86.0	86.0	82.0
375	106.0	94.0	85.0	85.0	81.0
376	118.0	106.0	99.0	99.0	95.0
377	112.0	100.0	92.0	92.0	88.0
378	100.0	88.0	81.0	81.0	78.0
379	104.0	92.0	85.0	85.0	82.0
380	114.0	103.0	96.0	96.0	92.0
381	115.0	103.0	96.0	96.0	91.0
382	109.0	95.0	86.0	86.0	82.0
383	107.0	94.0	86.0	86.0	81.0
384	122.0	110.0	102.0	102.0	97.0
385	116.0	104.0	95.0	95.0	92.0
386	104.0	92.0	83.0	83.0	80.0
387	103.0	92.0	84.0	84.0	80.0
388	116.0	106.0	99.0	99.0	95.0
389	114.0	101.0	95.0	95.0	90.0
390	108.0	95.0	86.0	86.0	81.0
391	114.0	100.0	91.0	91.0	86.0
392	118.0	106.0	99.0	99.0	96.0
393	113.0	101.0	93.0	93.0	90.0
394	101.0	91.0	83.0	83.0	79.0
395	107.0	96.0	86.0	86.0	83.0
396	118.0	107.0	99.0	99.0	96.0
397	109.0	98.0	91.0	91.0	88.0
398	101.0	90.0	83.0	83.0	79.0
399	106.0	93.0	86.0	86.0	81.0
400	119.0	107.0	99.0	99.0	96.0
401	116.0	104.0	96.0	96.0	92.0
402	102.0	90.0	83.0	83.0	79.0
403	107.0	95.0	86.0	86.0	83.0
404	118.0	108.0	100.0	100.0	96.0
405	111.0	100.0	92.0	92.0	88.0
406	101.0	89.0	83.0	83.0	79.0
407	107.0	94.0	87.0	87.0	82.0
408	124.0	112.0	103.0	103.0	99.0
409	112.0	101.0	93.0	93.0	90.0
410	105.0	92.0	85.0	85.0	81.0
411	105.0	93.0	85.0	85.0	82.0
412	120.0	108.0	101.0	101.0	97.0
413	116.0	103.0	96.0	96.0	91.0
414	103.0	91.0	83.0	83.0	79.0
415	108.0	96.0	89.0	89.0	84.0
416	124.0	110.0	102.0	102.0	96.0
417	122.0	107.0	98.0	98.0	93.0
418	104.0	92.0	85.0	85.0	81.0
419	104.0	93.0	85.0	85.0	81.0
420	119.0	108.0	101.0	101.0	96.0
421	121.0	108.0	97.0	97.0	94.0
422	103.0	92.0	83.0	83.0	80.0
423	105.0	93.0	86.0	86.0	81.0
424	119.0	106.0	100.0	100.0	96.0
425	118.0	106.0	97.0	97.0	93.0
426	102.0	90.0	82.0	82.0	78.0
427	104.0	93.0	85.0	85.0	81.0
428	119.0	107.0	100.0	100.0	95.0
429	114.0	102.0	96.0	96.0	92.0
430	102.0	92.0	83.0	83.0	79.0
431	109.0	96.0	88.0	88.0	83.0
432	122.0	110.0	101.0	101.0	98.0
433	114.0	103.0	95.0	95.0	92.0
434	106.0	96.0	86.0	86.0	82.0
435	105.0	92.0	85.0	85.0	81.0
436	117.0	105.0	97.0	97.0	94.0
437	115.0	105.0	96.0	96.0	93.0
438	103.0	92.0	83.0	83.0	79.0
439	106.0	94.0	86.0	86.0	82.0
440	120.0	109.0	100.0	100.0	97.0
441	109.0	99.0	91.0	91.0	88.0
442	105.0	94.0	85.0	85.0	82.0
443	105.0	91.0	84.0	84.0	80.0
444	120.0	108.0	100.0	100.0	96.0
445	116.0	105.0	96.0	96.0	92.0
446	102.0	90.0	83.0	83.0	79.0
447	107.0	94.0	86.0	86.0	81.0
448	116.0	106.0	98.0	98.0	93.0
449	111.0	99.0	93.0	93.0	89.0
450	103.0	90.0	82.0	82.0	79.0
451	105.0	94.0	86.0	86.0	82.0
452	116.0	104.0	97.0	97.0	93.0
453	115.0	104.0	96.0	96.0	92.0
454	103.0	90.0	84.0	84.0	79.0
455	104.0	93.0	85.0	85.0	82.0
456	118.0	107.0	99.0	99.0	96.0
457	117.0	104.0	95.0	95.0	92.0
458	101.0	90.0	81.0	81.0	78.0
459	102.0	90.0	83.0	83.0	80.0
460	123.0	110.0	102.0	102.0	98.0
461	118.0	106.0	98.0	98.0	93.0
462	102.0	92.0	82.0	82.0	79.0
463	103.0	91.0	84.0	84.0	79.0
464	122.0	110.0	102.0	102.0	97.0
465	116.0	103.0	96.0	96.0	92.0
466	102.0	92.0	84.0	84.0	80.0
467	102.0	92.0	85.0	85.0	81.0
468	119.0	109.0	100.0	100.0	96.0
469	112.0	101.0	93.0	93.0	89.0
470	105.0	94.0	86.0	86.0	82.0
471	104.0	93.0	85.0	85.0	81.0
472	118.0	106.0	99.0	99.0	94.0
473	115.0	103.0	96.0	96.0	92.0
474	106.0	94.0	86.0	86.0	82.0
475	104.0	93.0	85.0	85.0	81.0
476	120.0	107.0	100.0	100.0	96.0
477	117.0	105.0	97.0	97.0	92.0
478	105.0	93.0	84.0	84.0	81.0
479	107.0	94.0	86.0	86.0	83.0
480	120.0	109.0	101.0	101.0	96.0
481	115.0	103.0	96.0	96.0	92.0
482	108.0	95.0	87.0	87.0	81.0
483	105.0	95.0	86.0	86.0	84.0
484	117.0	107.0	100.0	100.0	96.0
485	113.0	103.0	93.0	93.0	90.0
486	107.0	96.0	88.0	88.0	84.0
487	106.0	93.0	86.0	86.0	81.0
488	118.0	106.0	99.0	99.0	95.0
489	115.0	103.0	96.0	96.0	91.0
490	105.0	93.0	85.0	85.0	81.0
491	105.0	93.0	85.0	85.0	82.0
492	120.0	108.0	99.0	99.0	95.0
493	117.0	106.0	98.0	98.0	94.0
494	104.0	92.0	84.0	84.0	80.0
495	107.0	95.0	88.0	88.0	82.0
496	118.0	106.0	99.0	99.0	95.0
497	117.0	105.0	96.0	96.0	92.0
498	104.0	92.0	85.0	85.0	80.0
499	108.0	97.0	88.0	88.0	84.0
500	120.0	108.0	99.0	99.0	96.0
501	113.0	101.0	92.0	92.0	90.0
502	105.0	94.0	86.0	86.0	82.0
503	108.0	97.0	88.0	88.0	84.0
504	123.0	112.0	104.0	104.0	100.0
505	116.0	104.0	95.0	95.0	91.0
506	101.0	90.0	83.0	83.0	78.0
507	106.0	94.0	86.0	86.0	83.0
508	123.0	111.0	102.0	102.0	97.0
509	116.0	105.0	97.0	97.0	94.0
510	104.0	93.0	85.0	85.0	81.0
511	106.0	93.0	85.0	85.0	82.0
512	119.0	107.0	99.0	99.0	95.0
513	118.0	105.0	96.0	96.0	93.0
514	102.0	90.0	83.0	83.0	79.0
515	101.0	90.0	82.0	82.0	78.0
516	116.0	106.0	98.0	98.0	94.0
517	117.0	105.0	97.0	97.0	95.0
518	104.0	92.0	85.0	85.0	81.0
519	101.0	90.0	83.0	83.0	79.0
520	118.0	107.0	99.0	99.0	96.0
521	115.0	105.0	96.0	96.0	93.0
522	105.0	93.0	86.0	86.0	82.0
523	103.0	91.0	85.0	85.0	80.0
524	115.0	104.0	96.0	96.0	93.0
525	117.0	106.0	98.0	98.0	93.0
526	104.0	92.0	82.0	82.0	79.0
527	107.0	96.0	87.0	87.0	82.0
528	117.0	106.0	100.0	100.0	96.0
529	116.0	104.0	96.0	96.0	91.0
530	105.0	93.0	86.0	86.0	81.0
531	106.0	94.0	86.0	86.0	82.0
532	122.0	109.0	101.0	101.0	97.0
533	116.0	104.0	95.0	95.0	92.0
534	106.0	95.0	86.0	86.0	82.0
535	104.0	94.0	85.0	85.0	82.0
536	121.0	111.0	103.0	103.0	98.0
537	114.0	103.0	96.0	96.0	92.0
538	106.0	95.0	88.0	88.0	84.0
539	105.0	94.0	86.0	86.0	82.0
540	122.0	109.0	101.0	101.0	97.0
541	116.0	104.0	96.0	96.0	92.0
542	103.0	92.0	84.0	84.0	81.0
543	105.0	93.0	86.0	86.0	81.0
544	120.0	109.0	102.0	102.0	98.0
545	115.0	103.0	96.0	96.0	93.0
546	104.0	92.0	84.0	84.0	80.0
547	104.0	93.0	85.0	85.0	82.0
548	120.0	110.0	102.0	102.0	98.0
549	118.0	106.0	98.0	98.0	95.0
550	103.0	91.0	83.0	83.0	80.0
551	109.0	97.0	89.0	89.0	84.0
552	118.0	107.0	100.0	100.0	95.0
553	115.0	104.0	95.0	95.0	92.0
554	102.0	92.0	83.0	83.0	80.0
555	105.0	94.0	86.0	86.0	82.0
556	119.0	107.0	99.0	99.0	95.0
557	118.0	107.0	98.0	98.0	95.0
558	106.0	94.0	86.0	86.0	81.0
559	105.0	94.0	86.0	86.0	83.0
560	117.0	107.0	98.0	98.0	94.0
561	116.0	105.0	97.0	97.0	95.0
562	105.0	92.0	85.0	85.0	81.0
563	104.0	94.0	86.0	86.0	83.0
564	121.0	111.0	104.0	104.0	99.0
565	111.0	101.0	93.0	93.0	90.0
566	104.0	93.0	84.0	84.0	81.0
567	103.0	92.0	84.0	84.0	81.0
568	119.0	107.0	99.0	99.0	96.0
569	117.0	105.0	97.0	97.0	93.0
570	104.0	92.0	86.0	86.0	81.0
571	104.0	93.0	84.0	84.0	81.0
572	116.0	105.0	97.0	97.0	94.0
573	115.0	104.0	94.0	94.0	91.0
574	105.0	94.0	86.0	86.0	82.0
575	103.0	92.0	84.0	84.0	80.0
576	123.0	112.0	103.0	103.0	99.0
577	114.0	103.0	96.0	96.0	92.0
578	106.0	93.0	86.0	86.0	82.0
579	106.0	93.0	86.0	86.0	83.0
580	120.0	108.0	101.0	101.0	96.0
581	112.0	101.0	95.0	95.0	90.0
582	101.0	90.0	82.0	82.0	78.0
583	109.0	97.0	88.0	88.0	84.0
584	118.0	107.0	100.0	100.0	96.0
585	113.0	101.0	93.0	93.0	90.0
586	104.0	93.0	85.0	85.0	81.0
587	104.0	92.0	85.0	85.0	81.0
588	116.0	105.0	98.0	98.0	94.0
589	118.0	106.0	99.0	99.0	94.0
590	102.0	93.0	84.0	84.0	81.0
591	106.0	94.0	86.0	86.0	83.0
592	121.0	110.0	102.0	102.0	98.0
593	110.0	100.0	92.0	92.0	88.0
594	105.0	92.0	86.0	86.0	82.0
595	106.0	95.0	86.0	86.0	83.0
596	115.0	105.0	97.0	97.0	94.0
597	113.0	101.0	94.0	94.0	89.0
598	102.0	91.0	83.0	83.0	79.0
599	105.0	93.0	85.0	85.0	81.0
600	124.0	112.0	104.0	104.0	101.0
601	111.0	101.0	94.0	94.0	90.0
602	103.0	93.0	85.0	85.0	81.0
603	106.0	95.0	86.0	86.0	82.0
604	118.0	106.0	100.0	100.0	96.0
605	113.0	102.0	94.0	94.0	91.0
606	106.0	94.0	87.0	87.0	82.0
607	100.0	90.0	83.0	83.0	79.0
608	120.0	110.0	101.0	101.0	98.0
609	116.0	104.0	96.0	96.0	92.0
610	104.0	93.0	85.0	85.0	82.0
611	104.0	92.0	85.0	85.0	82.0
612	119.0	108.0	101.0	101.0	96.0
613	117.0	104.0	96.0	96.0	93.0
614	104.0	91.0	84.0	84.0	80.0
615	105.0	93.0	85.0	85.0	81.0
616	119.0	107.0	101.0	101.0	96.0
617	115.0	104.0	97.0	97.0	93.0
618	103.0	92.0	84.0	84.0	81.0
619	103.0	92.0	85.0	85.0	81.0
620	120.0	109.0	101.0	101.0	97.0
621	116.0	106.0	97.0	97.0	93.0
622	104.0	92.0	85.0	85.0	81.0
623	105.0	95.0	87.0	87.0	83.0
624	123.0	109.0	102.0	102.0	98.0
625	115.0	103.0	96.0	96.0	92.0
626	105.0	94.0	85.0	85.0	81.0
627	102.0	91.0	83.0	83.0	79.0
628	119.0	107.0	100.0	100.0	97.0
629	112.0	100.0	93.0	93.0	89.0
630	102.0	91.0	83.0	83.0	79.0
631	103.0	94.0	86.0	86.0	81.0
632	121.0	110.0	102.0	102.0	97.0
633	112.0	100.0	93.0	93.0	89.0
634	103.0	92.0	86.0	86.0	81.0
635	101.0	90.0	83.0	83.0	79.0
636	122.0	109.0	100.0	100.0	98.0
637	115.0	104.0	96.0	96.0	92.0
638	104.0	93.0	86.0	86.0	82.0
639	103.0	92.0	84.0	84.0	80.0
640	118.0	107.0	99.0	99.0	96.0
641	114.0	102.0	95.0	95.0	92.0
642	102.0	91.0	83.0	83.0	79.0
643	102.0	91.0	85.0	85.0	80.0
644	119.0	108.0	102.0	102.0	97.0
645	116.0	103.0	95.0	95.0	91.0
646	104.0	93.0	85.0	85.0	80.0
647	103.0	92.0	85.0	85.0	81.0
648	123.0	111.0	104.0	104.0	100.0
649	113.0	102.0	95.0	95.0	91.0
650	111.0	99.0	91.0	91.0	88.0
651	101.0	90.0	80.0	80.0	76.0
652	123.0	111.0	103.0	103.0	99.0
653	115.0	103.0	96.0	96.0	92.0
654	133.0	113.0	101.0	101.0	93.0
655	100.0	89.0	83.0	83.0	78.0
656	123.0	111.0	103.0	103.0	98.0
657	111.0	101.0	93.0	93.0	88.0
658	108.0	97.0	88.0	88.0	85.0
659	102.0	91.0	84.0	84.0	79.0
660	126.0	115.0	107.0	107.0	101.0
661	113.0	102.0	95.0	95.0	91.0
662	103.0	94.0	86.0	86.0	81.0
663	102.0	90.0	83.0	83.0	79.0
664	122.0	110.0	103.0	103.0	99.0
665	110.0	100.0	92.0	92.0	88.0
666	102.0	91.0	84.0	84.0	80.0
667	105.0	92.0	85.0	85.0	81.0
668	126.0	113.0	105.0	105.0	102.0
669	113.0	103.0	94.0	94.0	90.0
670	102.0	92.0	85.0	85.0	80.0
671	104.0	92.0	85.0	85.0	80.0
672	118.0	106.0	98.0	98.0	94.0
673	110.0	99.0	92.0	92.0	87.0
674	104.0	92.0	83.0	83.0	81.0
675	108.0	96.0	89.0	89.0	84.0
676	114.0	104.0	96.0	96.0	93.0
677	113.0	102.0	93.0	93.0	90.0
678	104.0	92.0	85.0	85.0	82.0
679	102.0	90.0	84.0	84.0	79.0
680	117.0	106.0	99.0	99.0	95.0
681	112.0	102.0	95.0	95.0	91.0
682	101.0	90.0	84.0	84.0	80.0
683	105.0	93.0	85.0	85.0	81.0
684	118.0	107.0	101.0	101.0	95.0
685	110.0	100.0	91.0	91.0	88.0
686	102.0	91.0	84.0	84.0	81.0
687	107.0	95.0	87.0	87.0	83.0
688	119.0	108.0	100.0	100.0	96.0
689	115.0	102.0	94.0	94.0	90.0
690	103.0	92.0	84.0	84.0	81.0
691	109.0	97.0	88.0	88.0	85.0
692	119.0	107.0	99.0	99.0	95.0
693	115.0	103.0	95.0	95.0	91.0
694	105.0	93.0	85.0	85.0	81.0
695	102.0	90.0	83.0	83.0	80.0
696	126.0	114.0	106.0	106.0	101.0
697	112.0	100.0	93.0	93.0	89.0
698	108.0	96.0	89.0	89.0	85.0
699	104.0	94.0	86.0	86.0	82.0
700	119.0	110.0	101.0	101.0	98.0
701	110.0	100.0	92.0	92.0	88.0
702	108.0	96.0	88.0	88.0	84.0
703	106.0	94.0	86.0	86.0	82.0
704	119.0	109.0	101.0	101.0	96.0
705	111.0	100.0	92.0	92.0	88.0
706	103.0	92.0	85.0	85.0	82.0
707	105.0	94.0	86.0	86.0	81.0
708	120.0	109.0	100.0	100.0	96.0
709	114.0	103.0	95.0	95.0	91.0
710	105.0	93.0	86.0	86.0	82.0
711	104.0	93.0	84.0	84.0	81.0
712	122.0	110.0	102.0	102.0	98.0
713	110.0	99.0	91.0	91.0	88.0
714	108.0	96.0	88.0	88.0	85.0
715	104.0	93.0	85.0	85.0	82.0
716	118.0	107.0	100.0	100.0	97.0
717	115.0	104.0	96.0	96.0	93.0
718	102.0	91.0	82.0	82.0	80.0
719	107.0	95.0	88.0	88.0	84.0
720	116.0	105.0	98.0	98.0	95.0
721	112.0	101.0	93.0	93.0	89.0
722	103.0	91.0	83.0	83.0	80.0
723	105.0	93.0	84.0	84.0	80.0
724	120.0	109.0	102.0	102.0	97.0
725	114.0	102.0	95.0	95.0	91.0
726	105.0	93.0	86.0	86.0	81.0
727	102.0	91.0	84.0	84.0	81.0
728	116.0	106.0	98.0	98.0	95.0
729	116.0	104.0	96.0	96.0	93.0
730	102.0	91.0	84.0	84.0	79.0
731	103.0	92.0	85.0	85.0	80.0
732	116.0	106.0	99.0	99.0	95.0
733	113.0	102.0	95.0	95.0	91.0
734	106.0	94.0	87.0	87.0	82.0
735	107.0	94.0	87.0	87.0	83.0
736	122.0	110.0	102.0	102.0	98.0
737	117.0	104.0	97.0	97.0	92.0
738	106.0	95.0	87.0	87.0	84.0
739	103.0	91.0	84.0	84.0	80.0
740	118.0	108.0	100.0	100.0	96.0
741	114.0	103.0	96.0	96.0	92.0
742	108.0	96.0	87.0	87.0	83.0
743	104.0	94.0	86.0	86.0	82.0
744	120.0	108.0	100.0	100.0	97.0
745	112.0	100.0	94.0	94.0	89.0
746	109.0	97.0	90.0	90.0	86.0
747	105.0	94.0	86.0	86.0	82.0
748	122.0	110.0	102.0	102.0	99.0
749	114.0	101.0	95.0	95.0	91.0
750	106.0	95.0	88.0	88.0	83.0
751	104.0	92.0	84.0	84.0	81.0
752	122.0	109.0	102.0	102.0	98.0
753	113.0	102.0	94.0	94.0	91.0
754	112.0	100.0	91.0	91.0	86.0
755	104.0	92.0	85.0	85.0	80.0
756	121.0	109.0	102.0	102.0	99.0
757	114.0	103.0	95.0	95.0	92.0
758	105.0	94.0	87.0	87.0	83.0
759	101.0	90.0	84.0	84.0	78.0
760	119.0	107.0	100.0	100.0	96.0
761	111.0	99.0	91.0	91.0	88.0
762	106.0	96.0	88.0	88.0	85.0
763	104.0	92.0	85.0	85.0	80.0
764	124.0	113.0	106.0	106.0	101.0
765	111.0	99.0	92.0	92.0	89.0
766	104.0	92.0	84.0	84.0	81.0
767	100.0	88.0	80.0	80.0	76.0
768	122.0	110.0	103.0	103.0	99.0
769	115.0	102.0	94.0	94.0	90.0
770	107.0	95.0	88.0	88.0	84.0
771	103.0	91.0	82.0	82.0	78.0
772	119.0	107.0	100.0	100.0	96.0
773	110.0	99.0	92.0	92.0	88.0
774	106.0	95.0	87.0	87.0	83.0
775	103.0	92.0	85.0	85.0	81.0
776	119.0	107.0	100.0	100.0	96.0
777	110.0	99.0	91.0	91.0	87.0
778	104.0	92.0	85.0	85.0	82.0
779	104.0	91.0	83.0	83.0	79.0
780	123.0	113.0	105.0	105.0	100.0
781	109.0	98.0	90.0	90.0	86.0
782	105.0	94.0	87.0	87.0	82.0
783	100.0	89.0	82.0	82.0	78.0
784	119.0	108.0	99.0	99.0	96.0
785	112.0	100.0	94.0	94.0	90.0
786	104.0	94.0	86.0	86.0	83.0
787	98.0	87.0	80.0	80.0	76.0
788	121.0	110.0	103.0	103.0	99.0
789	112.0	99.0	92.0	92.0	88.0
790	106.0	96.0	88.0	88.0	83.0
791	140.0	116.0	101.0	101.0	92.0
792	123.0	111.0	104.0	104.0	100.0
793	113.0	101.0	93.0	93.0	89.0
794	106.0	95.0	86.0	86.0	83.0
795	102.0	91.0	83.0	83.0	79.0
796	117.0	106.0	98.0	98.0	95.0
797	113.0	101.0	93.0	93.0	89.0
798	106.0	96.0	87.0	87.0	84.0
799	102.0	90.0	83.0	83.0	80.0
800	120.0	109.0	102.0	102.0	97.0
801	111.0	99.0	93.0	93.0	88.0
802	105.0	94.0	87.0	87.0	82.0
803	105.0	92.0	85.0	85.0	82.0
804	123.0	113.0	105.0	105.0	101.0
805	109.0	98.0	91.0	91.0	87.0
806	110.0	98.0	91.0	91.0	86.0
807	101.0	90.0	84.0	84.0	78.0
808	118.0	107.0	99.0	99.0	95.0
809	111.0	99.0	90.0	90.0	88.0
810	106.0	94.0	87.0	87.0	84.0
811	103.0	92.0	85.0	85.0	80.0
812	118.0	108.0	100.0	100.0	96.0
813	113.0	101.0	94.0	94.0	90.0
814	108.0	97.0	89.0	89.0	86.0
815	99.0	88.0	81.0	81.0	76.0
816	123.0	111.0	104.0	104.0	99.0
817	120.0	106.0	97.0	97.0	92.0
818	106.0	96.0	89.0	89.0	84.0
819	105.0	92.0	85.0	85.0	80.0
820	123.0	110.0	104.0	104.0	99.0
821	111.0	100.0	92.0	92.0	87.0
822	107.0	96.0	89.0	89.0	85.0
823	100.0	89.0	82.0	82.0	77.0
824	119.0	107.0	100.0	100.0	96.0
825	113.0	101.0	93.0	93.0	90.0
826	104.0	93.0	85.0	85.0	82.0
827	105.0	93.0	85.0	85.0	81.0
828	123.0	111.0	104.0	104.0	100.0
829	110.0	99.0	91.0	91.0	87.0
830	108.0	96.0	88.0	88.0	85.0
831	101.0	91.0	82.0	82.0	78.0
832	119.0	108.0	101.0	101.0	97.0
833	110.0	99.0	91.0	91.0	87.0
834	104.0	94.0	85.0	85.0	82.0
835	98.0	87.0	79.0	79.0	76.0
836	119.0	108.0	100.0	100.0	96.0
837	109.0	98.0	91.0	91.0	87.0
838	103.0	92.0	85.0	85.0	81.0
839	99.0	88.0	79.0	79.0	76.0
840	123.0	111.0	103.0	103.0	100.0
841	110.0	97.0	89.0	89.0	86.0
842	107.0	97.0	90.0	90.0	86.0
843	99.0	88.0	80.0	80.0	76.0
844	124.0	112.0	105.0	105.0	101.0
845	114.0	100.0	92.0	92.0	89.0
846	105.0	93.0	87.0	87.0	83.0
847	99.0	88.0	80.0	80.0	75.0
848	118.0	107.0	98.0	98.0	95.0
849	111.0	101.0	93.0	93.0	88.0
850	105.0	94.0	85.0	85.0	82.0
851	103.0	91.0	83.0	83.0	79.0
852	120.0	110.0	102.0	102.0	98.0
853	115.0	102.0	94.0	94.0	91.0
854	104.0	93.0	85.0	85.0	81.0
855	107.0	95.0	88.0	88.0	84.0
856	120.0	109.0	101.0	101.0	98.0
857	113.0	103.0	95.0	95.0	90.0
858	104.0	92.0	85.0	85.0	80.0
859	101.0	89.0	83.0	83.0	78.0
860	120.0	108.0	101.0	101.0	96.0
861	113.0	102.0	94.0	94.0	91.0
862	107.0	95.0	86.0	86.0	84.0
863	100.0	88.0	82.0	82.0	77.0
864	128.0	115.0	105.0	105.0	99.0
865	118.0	106.0	98.0	98.0	95.0
866	105.0	94.0	86.0	86.0	83.0
867	101.0	90.0	82.0	82.0	77.0
868	120.0	109.0	101.0	101.0	96.0
869	112.0	100.0	94.0	94.0	90.0
870	108.0	96.0	88.0	88.0	84.0
871	104.0	92.0	84.0	84.0	81.0
872	123.0	110.0	103.0	103.0	100.0
873	111.0	100.0	92.0	92.0	88.0
874	111.0	98.0	90.0	90.0	85.0
875	104.0	93.0	85.0	85.0	81.0
876	120.0	108.0	100.0	100.0	97.0
877	113.0	101.0	93.0	93.0	89.0
878	108.0	97.0	89.0	89.0	84.0
879	100.0	89.0	81.0	81.0	78.0
880	119.0	107.0	100.0	100.0	96.0
881	112.0	100.0	93.0	93.0	89.0
882	104.0	93.0	86.0	86.0	82.0
883	103.0	90.0	82.0	82.0	79.0
884	120.0	109.0	101.0	101.0	97.0
885	113.0	101.0	92.0	92.0	89.0
886	106.0	95.0	89.0	89.0	84.0
887	102.0	91.0	82.0	82.0	80.0
888	121.0	110.0	102.0	102.0	99.0
889	115.0	102.0	94.0	94.0	90.0
890	105.0	93.0	85.0	85.0	82.0
891	102.0	91.0	83.0	83.0	80.0
892	120.0	109.0	101.0	101.0	97.0
893	111.0	100.0	91.0	91.0	87.0
894	109.0	96.0	90.0	90.0	86.0
895	105.0	93.0	85.0	85.0	80.0
896	121.0	109.0	101.0	101.0	97.0
897	110.0	98.0	90.0	90.0	87.0
898	108.0	94.0	87.0	87.0	84.0
899	104.0	94.0	86.0	86.0	82.0
900	123.0	112.0	104.0	104.0	101.0
901	108.0	96.0	89.0	89.0	85.0
902	109.0	97.0	89.0	89.0	84.0
903	101.0	90.0	82.0	82.0	78.0
904	117.0	106.0	99.0	99.0	96.0
905	114.0	102.0	94.0	94.0	89.0
906	106.0	95.0	88.0	88.0	83.0
907	102.0	89.0	83.0	83.0	77.0
908	124.0	113.0	105.0	105.0	100.0
909	110.0	99.0	91.0	91.0	87.0
910	110.0	98.0	90.0	90.0	86.0
911	103.0	91.0	83.0	83.0	79.0
912	124.0	112.0	104.0	104.0	100.0
913	107.0	97.0	89.0	89.0	84.0
914	112.0	101.0	93.0	93.0	88.0
915	96.0	86.0	78.0	78.0	75.0
916	125.0	112.0	105.0	105.0	101.0
917	110.0	98.0	90.0	90.0	86.0
918	110.0	98.0	91.0	91.0	85.0
919	99.0	88.0	81.0	81.0	76.0
920	125.0	112.0	104.0	104.0	99.0
921	108.0	97.0	90.0	90.0	86.0
922	110.0	98.0	90.0	90.0	86.0
923	100.0	89.0	81.0	81.0	78.0
924	122.0	110.0	103.0	103.0	98.0
925	108.0	96.0	89.0	89.0	85.0
926	110.0	97.0	89.0	89.0	86.0
927	100.0	89.0	82.0	82.0	78.0
928	123.0	112.0	103.0	103.0	98.0
929	114.0	103.0	96.0	96.0	91.0
930	106.0	94.0	87.0	87.0	82.0
931	96.0	84.0	75.0	75.0	72.0
932	130.0	117.0	108.0	108.0	104.0
933	111.0	100.0	92.0	92.0	88.0
934	111.0	100.0	93.0	93.0	87.0
935	100.0	89.0	82.0	82.0	78.0
936	120.0	109.0	102.0	102.0	97.0
937	107.0	96.0	88.0	88.0	84.0
938	110.0	98.0	90.0	90.0	86.0
939	101.0	89.0	82.0	82.0	78.0
940	124.0	111.0	104.0	104.0	100.0
941	112.0	99.0	92.0	92.0	87.0
942	108.0	96.0	89.0	89.0	84.0
943	98.0	86.0	79.0	79.0	75.0
944	121.0	110.0	104.0	104.0	98.0
945	114.0	102.0	95.0	95.0	91.0
946	106.0	94.0	86.0	86.0	81.0
947	102.0	91.0	83.0	83.0	79.0
948	122.0	110.0	102.0	102.0	97.0
949	111.0	98.0	90.0	90.0	85.0
950	106.0	94.0	88.0	88.0	83.0
951	104.0	91.0	84.0	84.0	80.0
952	152.0	131.0	118.0	118.0	111.0
953	109.0	98.0	90.0	90.0	86.0
954	105.0	93.0	85.0	85.0	81.0
955	100.0	88.0	81.0	81.0	78.0
956	122.0	110.0	102.0	102.0	99.0
957	108.0	97.0	91.0	91.0	86.0
958	110.0	99.0	91.0	91.0	86.0
959	102.0	91.0	83.0	83.0	80.0
960	119.0	106.0	97.0	97.0	94.0
961	113.0	99.0	92.0	92.0	88.0
962	109.0	95.0	88.0	88.0	84.0
963	103.0	90.0	83.0	83.0	80.0
964	118.0	106.0	98.0	98.0	94.0
965	112.0	99.0	93.0	93.0	88.0
966	106.0	94.0	86.0	86.0	82.0
967	101.0	91.0	83.0	83.0	78.0
968	117.0	105.0	98.0	98.0	94.0
969	110.0	98.0	91.0	91.0	87.0
970	104.0	93.0	85.0	85.0	81.0
971	102.0	91.0	83.0	83.0	80.0
972	122.0	109.0	102.0	102.0	98.0
973	115.0	104.0	96.0	96.0	91.0
974	108.0	96.0	88.0	88.0	84.0
975	100.0	89.0	81.0	81.0	78.0
976	123.0	111.0	104.0	104.0	99.0
977	108.0	97.0	90.0	90.0	86.0
978	107.0	96.0	87.0	87.0	84.0
979	102.0	90.0	82.0	82.0	79.0
980	119.0	108.0	100.0	100.0	97.0
981	116.0	105.0	96.0	96.0	92.0
982	106.0	94.0	86.0	86.0	81.0
983	102.0	91.0	83.0	83.0	80.0
984	122.0	110.0	103.0	103.0	99.0
985	112.0	99.0	92.0	92.0	88.0
986	103.0	90.0	83.0	83.0	79.0
987	105.0	94.0	86.0	86.0	81.0
988	121.0	110.0	102.0	102.0	97.0
989	111.0	100.0	93.0	93.0	89.0
990	107.0	95.0	87.0	87.0	84.0
991	106.0	93.0	85.0	85.0	82.0
992	118.0	106.0	99.0	99.0	95.0
993	111.0	99.0	91.0	91.0	86.0
994	107.0	95.0	87.0	87.0	83.0
995	105.0	93.0	85.0	85.0	82.0
996	123.0	110.0	102.0	102.0	98.0
997	115.0	102.0	95.0	95.0	90.0
998	104.0	92.0	85.0	85.0	80.0
999	103.0	92.0	85.0	85.0	81.0
1000	119.0	108.0	100.0	100.0	96.0
1001	112.0	101.0	94.0	94.0	89.0
1002	106.0	94.0	85.0	85.0	82.0
1003	107.0	95.0	87.0	87.0	83.0
1004	120.0	108.0	102.0	102.0	98.0
1005	112.0	100.0	92.0	92.0	88.0
1006	107.0	96.0	89.0	89.0	84.0
1007	104.0	91.0	84.0	84.0	81.0
1008	123.0	112.0	103.0	103.0	101.0
1009	113.0	101.0	93.0	93.0	89.0
1010	112.0	98.0	91.0	91.0	86.0
1011	104.0	90.0	83.0	83.0	79.0
1012	124.0	112.0	104.0	104.0	100.0
1013	113.0	103.0	94.0	94.0	90.0
1014	108.0	95.0	88.0	88.0	83.0
1015	103.0	91.0	83.0	83.0	80.0
1016	120.0	108.0	101.0	101.0	97.0
1017	116.0	104.0	95.0	95.0	91.0
1018	107.0	95.0	86.0	86.0	82.0
1019	101.0	90.0	82.0	82.0	79.0
1020	121.0	109.0	101.0	101.0	97.0
1021	114.0	102.0	95.0	95.0	91.0
1022	108.0	97.0	89.0	89.0	85.0
1023	107.0	94.0	86.0	86.0	83.0
1024	114.0	102.0	94.0	94.0	90.0
