/*Tiempo de exposicion:	6	4.2	3	2.4	2.4
/*Numero de Scans	1	1	1	1	1
/*Scans Ignorados	0	0	0	0	0
/*Modo de Adquiquisicion	1 	1 	1 	1 	1 
/*Temperatura del detector	0 	0 	0 	0 	0 
/*Red	1	1	1	1	1
/*Posicion del Contador	000	000	000	000	000
/*Archivo:	barridoP_0062.OMAIII	barridoP_0061.OMAIII	barridoP_0060.OMAIII	barridoP_0059.OMAIII	barridoP_0059.OMAIII
1	60.0	60.0	60.0	61.0	61.0
2	163.0	49.0	0.0	0.0	0.0
3	355.0	246.0	174.0	138.0	138.0
4	460.0	347.0	272.0	236.0	236.0
5	452.0	341.0	264.0	227.0	227.0
6	424.0	315.0	243.0	207.0	207.0
7	435.0	324.0	249.0	212.0	212.0
8	441.0	332.0	260.0	221.0	221.0
9	459.0	344.0	267.0	229.0	229.0
10	427.0	317.0	242.0	204.0	204.0
11	432.0	322.0	248.0	211.0	211.0
12	459.0	348.0	275.0	236.0	236.0
13	430.0	323.0	252.0	214.0	214.0
14	420.0	310.0	238.0	201.0	201.0
15	445.0	332.0	255.0	217.0	217.0
16	461.0	347.0	272.0	233.0	233.0
17	482.0	361.0	278.0	238.0	238.0
18	420.0	311.0	240.0	204.0	204.0
19	562.0	413.0	313.0	264.0	264.0
20	436.0	329.0	258.0	221.0	221.0
21	466.0	349.0	269.0	231.0	231.0
22	448.0	334.0	257.0	219.0	219.0
23	424.0	318.0	245.0	209.0	209.0
24	450.0	338.0	264.0	227.0	227.0
25	489.0	365.0	282.0	239.0	239.0
26	500.0	369.0	280.0	236.0	236.0
27	465.0	347.0	266.0	226.0	226.0
28	447.0	337.0	262.0	225.0	225.0
29	515.0	382.0	294.0	249.0	249.0
30	462.0	342.0	263.0	222.0	222.0
31	437.0	325.0	251.0	213.0	213.0
32	451.0	338.0	264.0	226.0	226.0
33	430.0	322.0	252.0	216.0	216.0
34	433.0	322.0	247.0	209.0	209.0
35	420.0	312.0	239.0	202.0	202.0
36	453.0	342.0	267.0	230.0	230.0
37	459.0	345.0	270.0	232.0	232.0
38	421.0	314.0	240.0	205.0	205.0
39	438.0	328.0	255.0	217.0	217.0
40	439.0	332.0	259.0	223.0	223.0
41	449.0	336.0	261.0	222.0	222.0
42	426.0	317.0	243.0	207.0	207.0
43	422.0	315.0	243.0	208.0	208.0
44	432.0	326.0	255.0	220.0	220.0
45	449.0	336.0	260.0	223.0	223.0
46	432.0	321.0	248.0	210.0	210.0
47	443.0	331.0	255.0	216.0	216.0
48	431.0	326.0	256.0	219.0	219.0
49	454.0	340.0	264.0	225.0	225.0
50	446.0	330.0	254.0	215.0	215.0
51	532.0	393.0	299.0	252.0	252.0
52	451.0	339.0	264.0	226.0	226.0
53	438.0	330.0	257.0	221.0	221.0
54	449.0	334.0	255.0	216.0	216.0
55	443.0	331.0	254.0	218.0	218.0
56	443.0	333.0	261.0	224.0	224.0
57	430.0	322.0	251.0	214.0	214.0
58	425.0	315.0	242.0	206.0	206.0
59	438.0	327.0	251.0	214.0	214.0
60	482.0	362.0	282.0	241.0	241.0
61	445.0	335.0	260.0	223.0	223.0
62	424.0	316.0	243.0	206.0	206.0
63	439.0	327.0	253.0	215.0	215.0
64	457.0	346.0	270.0	232.0	232.0
65	438.0	329.0	256.0	219.0	219.0
66	424.0	314.0	243.0	206.0	206.0
67	426.0	318.0	246.0	209.0	209.0
68	441.0	332.0	259.0	224.0	224.0
69	437.0	328.0	253.0	218.0	218.0
70	428.0	318.0	245.0	208.0	208.0
71	435.0	324.0	250.0	213.0	213.0
72	443.0	334.0	260.0	224.0	224.0
73	440.0	329.0	256.0	219.0	219.0
74	437.0	326.0	250.0	212.0	212.0
75	436.0	327.0	253.0	214.0	214.0
76	443.0	332.0	259.0	222.0	222.0
77	430.0	324.0	252.0	216.0	216.0
78	446.0	334.0	259.0	221.0	221.0
79	437.0	325.0	252.0	214.0	214.0
80	443.0	333.0	261.0	224.0	224.0
81	435.0	327.0	254.0	218.0	218.0
82	436.0	324.0	247.0	209.0	209.0
83	446.0	333.0	257.0	219.0	219.0
84	455.0	344.0	269.0	231.0	231.0
85	437.0	327.0	254.0	217.0	217.0
86	429.0	321.0	248.0	211.0	211.0
87	457.0	340.0	263.0	224.0	224.0
88	439.0	329.0	256.0	221.0	221.0
89	449.0	336.0	260.0	223.0	223.0
90	432.0	324.0	250.0	214.0	214.0
91	425.0	317.0	245.0	208.0	208.0
92	451.0	339.0	262.0	225.0	225.0
93	444.0	333.0	259.0	224.0	224.0
94	458.0	339.0	259.0	220.0	220.0
95	450.0	335.0	257.0	219.0	219.0
96	441.0	334.0	261.0	223.0	223.0
97	458.0	342.0	266.0	227.0	227.0
98	426.0	317.0	244.0	207.0	207.0
99	447.0	333.0	257.0	217.0	217.0
100	483.0	361.0	281.0	240.0	240.0
101	437.0	328.0	255.0	218.0	218.0
102	475.0	347.0	266.0	226.0	226.0
103	431.0	322.0	250.0	213.0	213.0
104	446.0	339.0	266.0	228.0	228.0
105	439.0	330.0	257.0	221.0	221.0
106	421.0	315.0	243.0	208.0	208.0
107	447.0	333.0	257.0	219.0	219.0
108	432.0	326.0	256.0	219.0	219.0
109	434.0	325.0	253.0	218.0	218.0
110	409.0	305.0	236.0	202.0	202.0
111	432.0	321.0	248.0	211.0	211.0
112	447.0	338.0	261.0	225.0	225.0
113	449.0	339.0	263.0	225.0	225.0
114	433.0	322.0	246.0	209.0	209.0
115	425.0	316.0	244.0	207.0	207.0
116	439.0	332.0	260.0	224.0	224.0
117	450.0	339.0	264.0	227.0	227.0
118	421.0	314.0	241.0	206.0	206.0
119	427.0	326.0	249.0	212.0	212.0
120	529.0	396.0	306.0	260.0	260.0
121	447.0	339.0	269.0	232.0	232.0
122	421.0	314.0	243.0	207.0	207.0
123	446.0	335.0	260.0	222.0	222.0
124	433.0	326.0	254.0	217.0	217.0
125	450.0	341.0	268.0	232.0	232.0
126	422.0	316.0	244.0	209.0	209.0
127	455.0	339.0	261.0	222.0	222.0
128	438.0	330.0	259.0	222.0	222.0
129	435.0	329.0	256.0	220.0	220.0
130	420.0	313.0	241.0	205.0	205.0
131	449.0	335.0	258.0	220.0	220.0
132	440.0	333.0	261.0	223.0	223.0
133	440.0	333.0	262.0	226.0	226.0
134	422.0	315.0	244.0	208.0	208.0
135	428.0	321.0	250.0	214.0	214.0
136	438.0	330.0	257.0	221.0	221.0
137	489.0	365.0	282.0	240.0	240.0
138	450.0	334.0	256.0	217.0	217.0
139	427.0	320.0	248.0	211.0	211.0
140	452.0	342.0	268.0	230.0	230.0
141	476.0	356.0	274.0	235.0	235.0
142	589.0	432.0	326.0	273.0	273.0
143	416.0	310.0	240.0	205.0	205.0
144	465.0	349.0	271.0	231.0	231.0
145	446.0	334.0	261.0	223.0	223.0
146	419.0	313.0	242.0	206.0	206.0
147	430.0	324.0	249.0	213.0	213.0
148	430.0	326.0	256.0	221.0	221.0
149	434.0	326.0	253.0	215.0	215.0
150	446.0	332.0	256.0	217.0	217.0
151	422.0	316.0	244.0	209.0	209.0
152	446.0	335.0	262.0	224.0	224.0
153	439.0	330.0	257.0	220.0	220.0
154	495.0	368.0	280.0	237.0	237.0
155	419.0	316.0	244.0	210.0	210.0
156	427.0	322.0	252.0	216.0	216.0
157	443.0	331.0	257.0	220.0	220.0
158	412.0	308.0	237.0	202.0	202.0
159	437.0	327.0	250.0	214.0	214.0
160	428.0	324.0	253.0	219.0	219.0
161	429.0	322.0	251.0	216.0	216.0
162	419.0	313.0	242.0	206.0	206.0
163	428.0	320.0	247.0	210.0	210.0
164	448.0	337.0	263.0	227.0	227.0
165	462.0	346.0	268.0	229.0	229.0
166	446.0	332.0	255.0	217.0	217.0
167	431.0	321.0	248.0	211.0	211.0
168	447.0	338.0	264.0	225.0	225.0
169	429.0	323.0	253.0	218.0	218.0
170	454.0	339.0	259.0	221.0	221.0
171	437.0	327.0	252.0	217.0	217.0
172	437.0	330.0	257.0	221.0	221.0
173	436.0	326.0	253.0	217.0	217.0
174	427.0	319.0	246.0	210.0	210.0
175	429.0	321.0	247.0	211.0	211.0
176	461.0	346.0	269.0	230.0	230.0
177	429.0	324.0	253.0	217.0	217.0
178	409.0	305.0	236.0	200.0	200.0
179	443.0	330.0	255.0	217.0	217.0
180	435.0	328.0	257.0	221.0	221.0
181	429.0	323.0	253.0	216.0	216.0
182	486.0	362.0	277.0	234.0	234.0
183	430.0	321.0	249.0	212.0	212.0
184	462.0	348.0	270.0	231.0	231.0
185	430.0	321.0	250.0	215.0	215.0
186	429.0	320.0	246.0	210.0	210.0
187	430.0	322.0	248.0	211.0	211.0
188	430.0	325.0	254.0	219.0	219.0
189	437.0	329.0	256.0	220.0	220.0
190	419.0	312.0	241.0	206.0	206.0
191	424.0	316.0	245.0	210.0	210.0
192	502.0	375.0	290.0	247.0	247.0
193	422.0	319.0	247.0	213.0	213.0
194	439.0	327.0	251.0	214.0	214.0
195	466.0	346.0	266.0	226.0	226.0
196	441.0	333.0	261.0	223.0	223.0
197	426.0	321.0	251.0	215.0	215.0
198	444.0	330.0	253.0	216.0	216.0
199	510.0	377.0	289.0	244.0	244.0
200	445.0	335.0	263.0	225.0	225.0
201	454.0	340.0	263.0	225.0	225.0
202	453.0	337.0	258.0	218.0	218.0
203	434.0	324.0	250.0	213.0	213.0
204	461.0	348.0	271.0	233.0	233.0
205	480.0	359.0	278.0	238.0	238.0
206	448.0	334.0	255.0	218.0	218.0
207	436.0	324.0	251.0	213.0	213.0
208	451.0	338.0	263.0	226.0	226.0
209	437.0	328.0	255.0	218.0	218.0
210	431.0	323.0	250.0	212.0	212.0
211	449.0	335.0	258.0	220.0	220.0
212	445.0	336.0	261.0	225.0	225.0
213	465.0	347.0	268.0	228.0	228.0
214	416.0	311.0	240.0	206.0	206.0
215	438.0	327.0	252.0	215.0	215.0
216	432.0	326.0	254.0	219.0	219.0
217	451.0	339.0	264.0	226.0	226.0
218	431.0	321.0	246.0	210.0	210.0
219	598.0	439.0	334.0	281.0	281.0
220	442.0	334.0	261.0	225.0	225.0
221	464.0	348.0	269.0	230.0	230.0
222	429.0	320.0	247.0	211.0	211.0
223	429.0	320.0	246.0	209.0	209.0
224	428.0	323.0	253.0	216.0	216.0
225	447.0	336.0	261.0	224.0	224.0
226	447.0	333.0	256.0	219.0	219.0
227	483.0	359.0	275.0	234.0	234.0
228	432.0	326.0	255.0	219.0	219.0
229	448.0	336.0	261.0	223.0	223.0
230	432.0	323.0	249.0	212.0	212.0
231	431.0	322.0	249.0	211.0	211.0
232	449.0	338.0	263.0	226.0	226.0
233	450.0	338.0	264.0	225.0	225.0
234	420.0	313.0	242.0	207.0	207.0
235	437.0	327.0	253.0	216.0	216.0
236	432.0	325.0	255.0	219.0	219.0
237	437.0	328.0	256.0	219.0	219.0
238	458.0	340.0	263.0	224.0	224.0
239	448.0	334.0	257.0	219.0	219.0
240	437.0	331.0	258.0	223.0	223.0
241	435.0	327.0	254.0	217.0	217.0
242	429.0	320.0	247.0	209.0	209.0
243	439.0	327.0	252.0	215.0	215.0
244	460.0	345.0	269.0	231.0	231.0
245	439.0	330.0	258.0	221.0	221.0
246	442.0	327.0	252.0	214.0	214.0
247	426.0	318.0	246.0	209.0	209.0
248	447.0	336.0	263.0	226.0	226.0
249	438.0	328.0	257.0	221.0	221.0
250	436.0	324.0	249.0	212.0	212.0
251	443.0	331.0	257.0	219.0	219.0
252	452.0	340.0	266.0	227.0	227.0
253	440.0	331.0	257.0	220.0	220.0
254	468.0	347.0	267.0	226.0	226.0
255	443.0	330.0	254.0	217.0	217.0
256	479.0	360.0	279.0	238.0	238.0
257	423.0	319.0	249.0	213.0	213.0
258	436.0	324.0	251.0	213.0	213.0
259	442.0	329.0	255.0	218.0	218.0
260	434.0	328.0	255.0	220.0	220.0
261	450.0	338.0	261.0	225.0	225.0
262	468.0	347.0	266.0	226.0	226.0
263	441.0	329.0	254.0	215.0	215.0
264	470.0	353.0	274.0	236.0	236.0
265	448.0	337.0	262.0	225.0	225.0
266	430.0	320.0	246.0	210.0	210.0
267	470.0	350.0	270.0	230.0	230.0
268	469.0	352.0	275.0	235.0	235.0
269	462.0	348.0	271.0	232.0	232.0
270	450.0	335.0	258.0	219.0	219.0
271	444.0	330.0	256.0	217.0	217.0
272	465.0	350.0	273.0	233.0	233.0
273	438.0	329.0	256.0	220.0	220.0
274	539.0	399.0	305.0	257.0	257.0
275	448.0	335.0	258.0	220.0	220.0
276	456.0	341.0	266.0	228.0	228.0
277	432.0	324.0	252.0	216.0	216.0
278	479.0	355.0	272.0	230.0	230.0
279	441.0	328.0	253.0	215.0	215.0
280	466.0	350.0	273.0	234.0	234.0
281	458.0	344.0	267.0	230.0	230.0
282	456.0	340.0	259.0	221.0	221.0
283	448.0	333.0	256.0	219.0	219.0
284	450.0	338.0	264.0	227.0	227.0
285	453.0	340.0	265.0	228.0	228.0
286	430.0	321.0	247.0	211.0	211.0
287	460.0	343.0	264.0	224.0	224.0
288	451.0	339.0	265.0	227.0	227.0
289	441.0	332.0	259.0	223.0	223.0
290	449.0	334.0	258.0	220.0	220.0
291	467.0	349.0	268.0	229.0	229.0
292	444.0	335.0	262.0	225.0	225.0
293	445.0	333.0	258.0	220.0	220.0
294	427.0	318.0	246.0	210.0	210.0
295	446.0	331.0	257.0	219.0	219.0
296	454.0	341.0	266.0	228.0	228.0
297	444.0	333.0	259.0	222.0	222.0
298	441.0	329.0	253.0	215.0	215.0
299	436.0	325.0	252.0	215.0	215.0
300	455.0	343.0	268.0	230.0	230.0
301	446.0	336.0	263.0	225.0	225.0
302	421.0	314.0	243.0	207.0	207.0
303	444.0	330.0	255.0	216.0	216.0
304	455.0	343.0	269.0	230.0	230.0
305	448.0	338.0	263.0	225.0	225.0
306	444.0	331.0	255.0	217.0	217.0
307	457.0	341.0	263.0	224.0	224.0
308	473.0	355.0	277.0	238.0	238.0
309	443.0	332.0	259.0	222.0	222.0
310	435.0	324.0	249.0	212.0	212.0
311	439.0	326.0	252.0	215.0	215.0
312	481.0	360.0	280.0	240.0	240.0
313	474.0	355.0	276.0	236.0	236.0
314	437.0	325.0	251.0	214.0	214.0
315	450.0	335.0	259.0	221.0	221.0
316	480.0	359.0	279.0	238.0	238.0
317	475.0	356.0	276.0	236.0	236.0
318	451.0	334.0	258.0	220.0	220.0
319	466.0	345.0	265.0	225.0	225.0
320	451.0	340.0	265.0	228.0	228.0
321	444.0	334.0	262.0	225.0	225.0
322	463.0	343.0	264.0	225.0	225.0
323	442.0	329.0	255.0	218.0	218.0
324	480.0	360.0	280.0	240.0	240.0
325	452.0	339.0	264.0	226.0	226.0
326	459.0	341.0	263.0	222.0	222.0
327	463.0	344.0	265.0	225.0	225.0
328	460.0	347.0	272.0	233.0	233.0
329	548.0	408.0	313.0	266.0	266.0
330	451.0	336.0	259.0	219.0	219.0
331	443.0	331.0	255.0	218.0	218.0
332	488.0	365.0	284.0	243.0	243.0
333	461.0	346.0	268.0	230.0	230.0
334	463.0	345.0	265.0	225.0	225.0
335	440.0	327.0	252.0	216.0	216.0
336	449.0	337.0	264.0	227.0	227.0
337	455.0	342.0	266.0	228.0	228.0
338	462.0	344.0	263.0	224.0	224.0
339	417.0	311.0	240.0	205.0	205.0
340	439.0	333.0	260.0	224.0	224.0
341	470.0	352.0	275.0	235.0	235.0
342	429.0	320.0	247.0	211.0	211.0
343	442.0	331.0	255.0	219.0	219.0
344	451.0	342.0	267.0	229.0	229.0
345	461.0	346.0	271.0	231.0	231.0
346	455.0	338.0	259.0	222.0	222.0
347	437.0	325.0	252.0	215.0	215.0
348	449.0	338.0	265.0	229.0	229.0
349	450.0	336.0	262.0	224.0	224.0
350	439.0	328.0	253.0	215.0	215.0
351	449.0	335.0	258.0	220.0	220.0
352	448.0	340.0	265.0	230.0	230.0
353	474.0	356.0	277.0	236.0	236.0
354	453.0	336.0	259.0	220.0	220.0
355	440.0	327.0	252.0	213.0	213.0
356	459.0	346.0	270.0	232.0	232.0
357	448.0	337.0	264.0	226.0	226.0
358	440.0	328.0	253.0	216.0	216.0
359	432.0	321.0	250.0	213.0	213.0
360	460.0	347.0	271.0	234.0	234.0
361	434.0	328.0	254.0	220.0	220.0
362	467.0	346.0	267.0	226.0	226.0
363	434.0	326.0	254.0	216.0	216.0
364	461.0	346.0	271.0	232.0	232.0
365	442.0	334.0	259.0	222.0	222.0
366	429.0	320.0	248.0	212.0	212.0
367	446.0	333.0	255.0	218.0	218.0
368	444.0	336.0	263.0	226.0	226.0
369	442.0	333.0	260.0	225.0	225.0
370	458.0	340.0	263.0	223.0	223.0
371	425.0	318.0	246.0	212.0	212.0
372	472.0	355.0	277.0	238.0	238.0
373	451.0	338.0	262.0	225.0	225.0
374	468.0	348.0	267.0	228.0	228.0
375	455.0	338.0	261.0	222.0	222.0
376	447.0	338.0	264.0	228.0	228.0
377	460.0	344.0	267.0	228.0	228.0
378	433.0	322.0	250.0	212.0	212.0
379	438.0	327.0	253.0	216.0	216.0
380	445.0	335.0	262.0	225.0	225.0
381	473.0	354.0	273.0	236.0	236.0
382	489.0	362.0	279.0	236.0	236.0
383	465.0	346.0	266.0	227.0	227.0
384	500.0	374.0	290.0	249.0	249.0
385	479.0	357.0	277.0	238.0	238.0
386	443.0	330.0	256.0	217.0	217.0
387	444.0	330.0	256.0	218.0	218.0
388	450.0	338.0	265.0	228.0	228.0
389	441.0	333.0	260.0	224.0	224.0
390	481.0	357.0	274.0	232.0	232.0
391	522.0	386.0	295.0	250.0	250.0
392	455.0	344.0	269.0	231.0	231.0
393	454.0	340.0	265.0	228.0	228.0
394	431.0	322.0	249.0	213.0	213.0
395	457.0	341.0	262.0	224.0	224.0
396	454.0	344.0	269.0	231.0	231.0
397	428.0	322.0	250.0	216.0	216.0
398	427.0	319.0	246.0	210.0	210.0
399	468.0	348.0	267.0	226.0	226.0
400	468.0	352.0	274.0	236.0	236.0
401	465.0	349.0	272.0	233.0	233.0
402	434.0	324.0	249.0	213.0	213.0
403	450.0	339.0	263.0	222.0	222.0
404	454.0	344.0	269.0	231.0	231.0
405	446.0	335.0	261.0	224.0	224.0
406	430.0	320.0	247.0	211.0	211.0
407	454.0	339.0	260.0	223.0	223.0
408	497.0	373.0	291.0	249.0	249.0
409	452.0	339.0	264.0	226.0	226.0
410	463.0	343.0	264.0	225.0	225.0
411	452.0	337.0	260.0	221.0	221.0
412	459.0	347.0	272.0	234.0	234.0
413	465.0	348.0	271.0	233.0	233.0
414	452.0	335.0	258.0	219.0	219.0
415	467.0	348.0	269.0	229.0	229.0
416	530.0	395.0	306.0	260.0	260.0
417	546.0	406.0	312.0	265.0	265.0
418	451.0	336.0	259.0	220.0	220.0
419	438.0	326.0	253.0	216.0	216.0
420	467.0	352.0	274.0	237.0	237.0
421	541.0	401.0	308.0	263.0	263.0
422	444.0	333.0	256.0	217.0	217.0
423	454.0	338.0	261.0	222.0	222.0
424	463.0	349.0	273.0	235.0	235.0
425	484.0	364.0	281.0	240.0	240.0
426	441.0	329.0	253.0	216.0	216.0
427	452.0	337.0	260.0	221.0	221.0
428	453.0	342.0	267.0	231.0	231.0
429	442.0	333.0	260.0	224.0	224.0
430	445.0	332.0	255.0	218.0	218.0
431	476.0	351.0	271.0	230.0	230.0
432	477.0	358.0	280.0	241.0	241.0
433	444.0	334.0	261.0	224.0	224.0
434	470.0	350.0	269.0	229.0	229.0
435	464.0	345.0	266.0	225.0	225.0
436	467.0	352.0	273.0	234.0	234.0
437	462.0	347.0	270.0	231.0	231.0
438	440.0	328.0	252.0	216.0	216.0
439	464.0	345.0	266.0	226.0	226.0
440	449.0	339.0	266.0	230.0	230.0
441	439.0	330.0	257.0	220.0	220.0
442	447.0	334.0	259.0	219.0	219.0
443	445.0	332.0	257.0	218.0	218.0
444	471.0	355.0	276.0	237.0	237.0
445	483.0	361.0	280.0	239.0	239.0
446	440.0	327.0	252.0	215.0	215.0
447	477.0	352.0	272.0	231.0	231.0
448	468.0	350.0	274.0	235.0	235.0
449	437.0	329.0	258.0	221.0	221.0
450	447.0	331.0	255.0	218.0	218.0
451	444.0	332.0	256.0	219.0	219.0
452	442.0	334.0	262.0	226.0	226.0
453	456.0	343.0	266.0	229.0	229.0
454	456.0	338.0	261.0	221.0	221.0
455	446.0	332.0	256.0	218.0	218.0
456	465.0	350.0	273.0	235.0	235.0
457	469.0	352.0	273.0	235.0	235.0
458	433.0	323.0	248.0	211.0	211.0
459	433.0	322.0	250.0	213.0	213.0
460	497.0	372.0	290.0	248.0	248.0
461	489.0	366.0	284.0	243.0	243.0
462	442.0	329.0	253.0	216.0	216.0
463	447.0	333.0	256.0	218.0	218.0
464	460.0	348.0	272.0	234.0	234.0
465	490.0	365.0	283.0	242.0	242.0
466	431.0	322.0	250.0	212.0	212.0
467	432.0	323.0	250.0	213.0	213.0
468	463.0	349.0	272.0	234.0	234.0
469	441.0	333.0	259.0	222.0	222.0
470	463.0	344.0	265.0	226.0	226.0
471	445.0	331.0	256.0	218.0	218.0
472	453.0	341.0	267.0	230.0	230.0
473	447.0	336.0	262.0	227.0	227.0
474	451.0	335.0	259.0	221.0	221.0
475	450.0	335.0	259.0	220.0	220.0
476	471.0	354.0	276.0	237.0	237.0
477	464.0	348.0	272.0	234.0	234.0
478	447.0	333.0	258.0	220.0	220.0
479	442.0	330.0	256.0	219.0	219.0
480	471.0	355.0	276.0	238.0	238.0
481	463.0	348.0	270.0	232.0	232.0
482	499.0	369.0	283.0	239.0	239.0
483	440.0	329.0	255.0	217.0	217.0
484	452.0	341.0	268.0	231.0	231.0
485	446.0	335.0	261.0	224.0	224.0
486	459.0	342.0	265.0	226.0	226.0
487	462.0	343.0	265.0	225.0	225.0
488	453.0	342.0	267.0	229.0	229.0
489	452.0	339.0	265.0	227.0	227.0
490	451.0	335.0	259.0	220.0	220.0
491	451.0	336.0	261.0	222.0	222.0
492	486.0	365.0	284.0	243.0	243.0
493	456.0	344.0	268.0	230.0	230.0
494	450.0	334.0	257.0	219.0	219.0
495	462.0	344.0	266.0	226.0	226.0
496	448.0	340.0	265.0	229.0	229.0
497	472.0	354.0	275.0	236.0	236.0
498	458.0	341.0	261.0	223.0	223.0
499	460.0	343.0	265.0	227.0	227.0
500	479.0	357.0	279.0	241.0	241.0
501	455.0	341.0	266.0	227.0	227.0
502	453.0	339.0	262.0	222.0	222.0
503	467.0	348.0	268.0	230.0	230.0
504	467.0	353.0	276.0	239.0	239.0
505	459.0	344.0	269.0	229.0	229.0
506	432.0	323.0	249.0	211.0	211.0
507	447.0	334.0	259.0	221.0	221.0
508	509.0	381.0	295.0	253.0	253.0
509	457.0	344.0	269.0	231.0	231.0
510	450.0	335.0	259.0	220.0	220.0
511	464.0	345.0	266.0	226.0	226.0
512	477.0	359.0	280.0	239.0	239.0
513	482.0	360.0	280.0	239.0	239.0
514	431.0	322.0	249.0	213.0	213.0
515	436.0	325.0	249.0	214.0	214.0
516	462.0	347.0	272.0	232.0	232.0
517	452.0	340.0	266.0	228.0	228.0
518	442.0	330.0	255.0	216.0	216.0
519	435.0	324.0	250.0	213.0	213.0
520	451.0	340.0	267.0	230.0	230.0
521	460.0	346.0	269.0	231.0	231.0
522	448.0	333.0	258.0	220.0	220.0
523	438.0	328.0	253.0	215.0	215.0
524	453.0	341.0	267.0	230.0	230.0
525	453.0	342.0	267.0	230.0	230.0
526	461.0	341.0	263.0	223.0	223.0
527	470.0	350.0	269.0	229.0	229.0
528	439.0	333.0	261.0	225.0	225.0
529	475.0	355.0	276.0	236.0	236.0
530	458.0	341.0	262.0	223.0	223.0
531	469.0	349.0	268.0	227.0	227.0
532	489.0	367.0	286.0	246.0	246.0
533	475.0	356.0	277.0	237.0	237.0
534	465.0	347.0	267.0	226.0	226.0
535	453.0	337.0	260.0	221.0	221.0
536	472.0	357.0	279.0	240.0	240.0
537	455.0	342.0	265.0	228.0	228.0
538	453.0	338.0	262.0	223.0	223.0
539	440.0	329.0	255.0	218.0	218.0
540	488.0	367.0	285.0	244.0	244.0
541	477.0	357.0	277.0	237.0	237.0
542	453.0	337.0	259.0	222.0	222.0
543	435.0	326.0	252.0	216.0	216.0
544	450.0	341.0	267.0	230.0	230.0
545	454.0	340.0	266.0	228.0	228.0
546	452.0	336.0	258.0	221.0	221.0
547	432.0	323.0	251.0	214.0	214.0
548	467.0	352.0	275.0	237.0	237.0
549	466.0	351.0	273.0	234.0	234.0
550	430.0	322.0	249.0	213.0	213.0
551	469.0	350.0	269.0	230.0	230.0
552	455.0	343.0	268.0	231.0	231.0
553	466.0	349.0	272.0	232.0	232.0
554	430.0	322.0	249.0	212.0	212.0
555	441.0	329.0	255.0	217.0	217.0
556	475.0	356.0	278.0	239.0	239.0
557	464.0	349.0	273.0	234.0	234.0
558	454.0	338.0	260.0	221.0	221.0
559	441.0	330.0	254.0	218.0	218.0
560	473.0	356.0	277.0	237.0	237.0
561	445.0	335.0	261.0	227.0	227.0
562	440.0	329.0	253.0	217.0	217.0
563	431.0	322.0	250.0	214.0	214.0
564	462.0	349.0	275.0	235.0	235.0
565	436.0	328.0	256.0	220.0	220.0
566	445.0	331.0	255.0	218.0	218.0
567	438.0	326.0	251.0	215.0	215.0
568	462.0	349.0	271.0	235.0	235.0
569	472.0	354.0	277.0	237.0	237.0
570	441.0	329.0	254.0	216.0	216.0
571	444.0	330.0	256.0	218.0	218.0
572	443.0	335.0	262.0	225.0	225.0
573	468.0	350.0	273.0	234.0	234.0
574	441.0	330.0	255.0	218.0	218.0
575	452.0	336.0	260.0	221.0	221.0
576	472.0	356.0	279.0	240.0	240.0
577	444.0	335.0	262.0	225.0	225.0
578	456.0	341.0	262.0	223.0	223.0
579	441.0	331.0	255.0	218.0	218.0
580	467.0	352.0	275.0	236.0	236.0
581	438.0	331.0	257.0	222.0	222.0
582	439.0	326.0	252.0	214.0	214.0
583	485.0	360.0	276.0	235.0	235.0
584	452.0	341.0	268.0	231.0	231.0
585	455.0	343.0	266.0	227.0	227.0
586	441.0	330.0	254.0	217.0	217.0
587	445.0	332.0	257.0	219.0	219.0
588	446.0	337.0	264.0	228.0	228.0
589	466.0	352.0	274.0	235.0	235.0
590	426.0	319.0	247.0	211.0	211.0
591	452.0	337.0	258.0	220.0	220.0
592	449.0	340.0	267.0	232.0	232.0
593	436.0	327.0	255.0	219.0	219.0
594	444.0	331.0	256.0	219.0	219.0
595	451.0	337.0	260.0	221.0	221.0
596	439.0	332.0	261.0	224.0	224.0
597	449.0	337.0	263.0	225.0	225.0
598	434.0	324.0	250.0	213.0	213.0
599	460.0	343.0	264.0	224.0	224.0
600	473.0	357.0	279.0	241.0	241.0
601	445.0	336.0	260.0	224.0	224.0
602	440.0	329.0	254.0	217.0	217.0
603	473.0	352.0	270.0	230.0	230.0
604	445.0	336.0	263.0	227.0	227.0
605	441.0	332.0	259.0	222.0	222.0
606	457.0	340.0	263.0	224.0	224.0
607	429.0	321.0	247.0	212.0	212.0
608	459.0	348.0	272.0	234.0	234.0
609	470.0	353.0	274.0	234.0	234.0
610	452.0	336.0	260.0	222.0	222.0
611	442.0	331.0	255.0	218.0	218.0
612	463.0	349.0	272.0	235.0	235.0
613	470.0	353.0	273.0	235.0	235.0
614	452.0	336.0	258.0	220.0	220.0
615	462.0	344.0	264.0	226.0	226.0
616	456.0	344.0	270.0	233.0	233.0
617	458.0	344.0	269.0	230.0	230.0
618	435.0	324.0	251.0	214.0	214.0
619	436.0	325.0	251.0	215.0	215.0
620	457.0	345.0	271.0	233.0	233.0
621	482.0	361.0	279.0	239.0	239.0
622	441.0	329.0	255.0	217.0	217.0
623	438.0	328.0	254.0	217.0	217.0
624	491.0	369.0	287.0	245.0	245.0
625	465.0	349.0	271.0	233.0	233.0
626	454.0	340.0	261.0	222.0	222.0
627	443.0	331.0	254.0	216.0	216.0
628	459.0	345.0	271.0	234.0	234.0
629	456.0	342.0	265.0	227.0	227.0
630	436.0	326.0	250.0	215.0	215.0
631	440.0	330.0	254.0	217.0	217.0
632	478.0	360.0	281.0	241.0	241.0
633	445.0	335.0	261.0	224.0	224.0
634	436.0	325.0	252.0	214.0	214.0
635	425.0	317.0	246.0	209.0	209.0
636	492.0	370.0	286.0	245.0	245.0
637	456.0	344.0	267.0	229.0	229.0
638	434.0	324.0	251.0	215.0	215.0
639	448.0	333.0	256.0	218.0	218.0
640	454.0	343.0	268.0	230.0	230.0
641	450.0	339.0	265.0	227.0	227.0
642	429.0	321.0	248.0	210.0	210.0
643	436.0	326.0	252.0	214.0	214.0
644	459.0	346.0	271.0	233.0	233.0
645	469.0	352.0	272.0	234.0	234.0
646	450.0	336.0	259.0	222.0	222.0
647	432.0	323.0	250.0	213.0	213.0
648	468.0	354.0	277.0	238.0	238.0
649	441.0	331.0	260.0	222.0	222.0
650	461.0	345.0	267.0	228.0	228.0
651	453.0	337.0	259.0	220.0	220.0
652	482.0	363.0	283.0	243.0	243.0
653	457.0	343.0	268.0	230.0	230.0
654	729.0	533.0	401.0	334.0	334.0
655	430.0	322.0	249.0	211.0	211.0
656	471.0	355.0	278.0	240.0	240.0
657	441.0	332.0	258.0	222.0	222.0
658	451.0	338.0	262.0	223.0	223.0
659	448.0	332.0	256.0	217.0	217.0
660	488.0	369.0	288.0	247.0	247.0
661	450.0	339.0	264.0	227.0	227.0
662	444.0	332.0	256.0	218.0	218.0
663	439.0	327.0	253.0	215.0	215.0
664	457.0	345.0	271.0	233.0	233.0
665	436.0	329.0	257.0	220.0	220.0
666	444.0	331.0	255.0	217.0	217.0
667	453.0	337.0	260.0	221.0	221.0
668	488.0	370.0	288.0	247.0	247.0
669	465.0	349.0	271.0	231.0	231.0
670	439.0	328.0	253.0	216.0	216.0
671	458.0	341.0	262.0	224.0	224.0
672	461.0	348.0	271.0	233.0	233.0
673	441.0	331.0	257.0	220.0	220.0
674	450.0	336.0	258.0	220.0	220.0
675	463.0	345.0	266.0	227.0	227.0
676	438.0	331.0	260.0	222.0	222.0
677	469.0	350.0	271.0	233.0	233.0
678	446.0	332.0	257.0	219.0	219.0
679	435.0	324.0	251.0	214.0	214.0
680	444.0	336.0	263.0	227.0	227.0
681	442.0	332.0	260.0	223.0	223.0
682	434.0	324.0	249.0	213.0	213.0
683	456.0	339.0	262.0	222.0	222.0
684	445.0	336.0	265.0	227.0	227.0
685	440.0	331.0	257.0	220.0	220.0
686	437.0	326.0	252.0	215.0	215.0
687	469.0	349.0	270.0	229.0	229.0
688	469.0	353.0	275.0	237.0	237.0
689	483.0	360.0	279.0	237.0	237.0
690	443.0	330.0	254.0	217.0	217.0
691	484.0	361.0	275.0	234.0	234.0
692	456.0	345.0	270.0	232.0	232.0
693	472.0	353.0	274.0	234.0	234.0
694	451.0	335.0	258.0	220.0	220.0
695	433.0	323.0	250.0	212.0	212.0
696	498.0	374.0	291.0	250.0	250.0
697	462.0	346.0	268.0	230.0	230.0
698	453.0	339.0	262.0	224.0	224.0
699	451.0	336.0	259.0	220.0	220.0
700	459.0	347.0	271.0	234.0	234.0
701	455.0	342.0	265.0	227.0	227.0
702	464.0	346.0	266.0	227.0	227.0
703	469.0	350.0	268.0	228.0	228.0
704	454.0	345.0	270.0	232.0	232.0
705	449.0	338.0	262.0	224.0	224.0
706	433.0	324.0	250.0	214.0	214.0
707	456.0	339.0	262.0	223.0	223.0
708	473.0	356.0	278.0	238.0	238.0
709	452.0	340.0	265.0	227.0	227.0
710	436.0	327.0	253.0	216.0	216.0
711	445.0	332.0	256.0	218.0	218.0
712	473.0	356.0	278.0	240.0	240.0
713	453.0	340.0	263.0	225.0	225.0
714	454.0	340.0	262.0	224.0	224.0
715	445.0	333.0	257.0	218.0	218.0
716	463.0	349.0	273.0	234.0	234.0
717	453.0	341.0	266.0	228.0	228.0
718	435.0	325.0	251.0	215.0	215.0
719	446.0	334.0	258.0	221.0	221.0
720	451.0	339.0	264.0	228.0	228.0
721	457.0	344.0	266.0	228.0	228.0
722	443.0	330.0	255.0	217.0	217.0
723	459.0	342.0	263.0	223.0	223.0
724	453.0	343.0	268.0	232.0	232.0
725	453.0	340.0	266.0	227.0	227.0
726	460.0	342.0	263.0	224.0	224.0
727	439.0	328.0	254.0	215.0	215.0
728	453.0	342.0	267.0	230.0	230.0
729	466.0	350.0	271.0	233.0	233.0
730	433.0	323.0	249.0	212.0	212.0
731	431.0	323.0	249.0	211.0	211.0
732	451.0	340.0	266.0	228.0	228.0
733	448.0	337.0	263.0	226.0	226.0
734	447.0	335.0	258.0	221.0	221.0
735	479.0	356.0	274.0	232.0	232.0
736	460.0	348.0	273.0	235.0	235.0
737	463.0	350.0	272.0	233.0	233.0
738	440.0	329.0	255.0	218.0	218.0
739	448.0	333.0	257.0	217.0	217.0
740	456.0	344.0	269.0	231.0	231.0
741	441.0	331.0	260.0	223.0	223.0
742	478.0	356.0	274.0	231.0	231.0
743	440.0	330.0	254.0	217.0	217.0
744	471.0	354.0	277.0	238.0	238.0
745	443.0	333.0	259.0	223.0	223.0
746	452.0	339.0	262.0	225.0	225.0
747	445.0	334.0	257.0	220.0	220.0
748	465.0	352.0	275.0	237.0	237.0
749	454.0	341.0	265.0	228.0	228.0
750	445.0	333.0	258.0	219.0	219.0
751	452.0	337.0	260.0	220.0	220.0
752	472.0	357.0	278.0	239.0	239.0
753	458.0	344.0	266.0	230.0	230.0
754	494.0	368.0	283.0	240.0	240.0
755	445.0	331.0	256.0	218.0	218.0
756	456.0	345.0	270.0	233.0	233.0
757	451.0	340.0	263.0	227.0	227.0
758	436.0	326.0	252.0	217.0	217.0
759	438.0	327.0	252.0	214.0	214.0
760	466.0	351.0	273.0	235.0	235.0
761	460.0	345.0	267.0	228.0	228.0
762	437.0	328.0	254.0	218.0	218.0
763	449.0	335.0	257.0	219.0	219.0
764	477.0	361.0	282.0	243.0	243.0
765	450.0	337.0	262.0	224.0	224.0
766	435.0	327.0	253.0	215.0	215.0
767	460.0	340.0	261.0	221.0	221.0
768	467.0	352.0	277.0	238.0	238.0
769	472.0	354.0	274.0	234.0	234.0
770	445.0	334.0	258.0	221.0	221.0
771	459.0	341.0	262.0	222.0	222.0
772	469.0	351.0	275.0	235.0	235.0
773	450.0	338.0	262.0	224.0	224.0
774	453.0	338.0	261.0	222.0	222.0
775	446.0	332.0	256.0	218.0	218.0
776	464.0	349.0	272.0	234.0	234.0
777	448.0	336.0	262.0	224.0	224.0
778	432.0	324.0	251.0	213.0	213.0
779	453.0	338.0	259.0	220.0	220.0
780	461.0	349.0	274.0	237.0	237.0
781	450.0	336.0	261.0	223.0	223.0
782	453.0	337.0	261.0	222.0	222.0
783	439.0	327.0	252.0	214.0	214.0
784	459.0	347.0	272.0	232.0	232.0
785	447.0	337.0	262.0	225.0	225.0
786	447.0	334.0	258.0	220.0	220.0
787	432.0	322.0	247.0	210.0	210.0
788	454.0	344.0	270.0	233.0	233.0
789	461.0	344.0	267.0	229.0	229.0
790	449.0	335.0	259.0	221.0	221.0
791	830.0	601.0	448.0	370.0	370.0
792	459.0	349.0	272.0	236.0	236.0
793	462.0	346.0	268.0	229.0	229.0
794	453.0	338.0	260.0	222.0	222.0
795	451.0	335.0	258.0	220.0	220.0
796	460.0	347.0	271.0	233.0	233.0
797	454.0	340.0	264.0	226.0	226.0
798	438.0	329.0	254.0	217.0	217.0
799	435.0	324.0	250.0	214.0	214.0
800	457.0	345.0	270.0	233.0	233.0
801	454.0	342.0	265.0	227.0	227.0
802	441.0	329.0	255.0	218.0	218.0
803	454.0	339.0	261.0	222.0	222.0
804	457.0	347.0	273.0	235.0	235.0
805	446.0	333.0	260.0	222.0	222.0
806	482.0	359.0	277.0	236.0	236.0
807	444.0	330.0	254.0	216.0	216.0
808	455.0	343.0	268.0	231.0	231.0
809	457.0	342.0	266.0	226.0	226.0
810	440.0	328.0	255.0	218.0	218.0
811	456.0	339.0	260.0	221.0	221.0
812	457.0	346.0	270.0	233.0	233.0
813	458.0	343.0	266.0	229.0	229.0
814	450.0	337.0	261.0	224.0	224.0
815	433.0	322.0	249.0	209.0	209.0
816	468.0	353.0	277.0	239.0	239.0
817	534.0	397.0	305.0	259.0	259.0
818	443.0	331.0	256.0	219.0	219.0
819	472.0	352.0	270.0	228.0	228.0
820	482.0	363.0	283.0	244.0	244.0
821	454.0	340.0	263.0	225.0	225.0
822	439.0	330.0	256.0	218.0	218.0
823	444.0	329.0	253.0	215.0	215.0
824	455.0	343.0	269.0	230.0	230.0
825	462.0	347.0	270.0	230.0	230.0
826	436.0	325.0	252.0	215.0	215.0
827	463.0	346.0	266.0	225.0	225.0
828	461.0	349.0	274.0	236.0	236.0
829	448.0	336.0	261.0	223.0	223.0
830	452.0	336.0	261.0	222.0	222.0
831	449.0	334.0	257.0	219.0	219.0
832	461.0	347.0	272.0	233.0	233.0
833	449.0	336.0	262.0	224.0	224.0
834	436.0	327.0	252.0	216.0	216.0
835	443.0	328.0	252.0	214.0	214.0
836	458.0	345.0	270.0	234.0	234.0
837	444.0	333.0	258.0	222.0	222.0
838	445.0	331.0	256.0	218.0	218.0
839	439.0	327.0	250.0	213.0	213.0
840	472.0	357.0	279.0	239.0	239.0
841	460.0	345.0	265.0	226.0	226.0
842	446.0	334.0	257.0	221.0	221.0
843	443.0	328.0	253.0	216.0	216.0
844	474.0	357.0	280.0	241.0	241.0
845	488.0	364.0	280.0	239.0	239.0
846	443.0	330.0	256.0	218.0	218.0
847	437.0	326.0	250.0	212.0	212.0
848	467.0	353.0	275.0	236.0	236.0
849	462.0	346.0	268.0	230.0	230.0
850	450.0	336.0	259.0	220.0	220.0
851	455.0	338.0	260.0	221.0	221.0
852	456.0	345.0	271.0	233.0	233.0
853	460.0	345.0	269.0	230.0	230.0
854	450.0	336.0	258.0	220.0	220.0
855	454.0	340.0	263.0	223.0	223.0
856	467.0	352.0	275.0	237.0	237.0
857	456.0	342.0	266.0	228.0	228.0
858	448.0	334.0	257.0	220.0	220.0
859	443.0	331.0	255.0	216.0	216.0
860	484.0	364.0	283.0	243.0	243.0
861	458.0	344.0	266.0	229.0	229.0
862	459.0	343.0	264.0	225.0	225.0
863	432.0	321.0	248.0	211.0	211.0
864	558.0	416.0	322.0	272.0	272.0
865	465.0	350.0	272.0	233.0	233.0
866	436.0	327.0	253.0	216.0	216.0
867	455.0	338.0	259.0	220.0	220.0
868	467.0	353.0	274.0	237.0	237.0
869	462.0	346.0	268.0	230.0	230.0
870	442.0	332.0	257.0	219.0	219.0
871	440.0	329.0	254.0	217.0	217.0
872	472.0	357.0	279.0	240.0	240.0
873	447.0	336.0	260.0	224.0	224.0
874	503.0	374.0	285.0	242.0	242.0
875	441.0	329.0	254.0	217.0	217.0
876	451.0	341.0	268.0	232.0	232.0
877	462.0	346.0	269.0	230.0	230.0
878	460.0	343.0	265.0	226.0	226.0
879	436.0	325.0	250.0	214.0	214.0
880	457.0	346.0	270.0	233.0	233.0
881	464.0	347.0	269.0	230.0	230.0
882	433.0	323.0	252.0	215.0	215.0
883	444.0	332.0	255.0	217.0	217.0
884	474.0	357.0	278.0	239.0	239.0
885	477.0	356.0	275.0	235.0	235.0
886	452.0	338.0	262.0	223.0	223.0
887	442.0	330.0	254.0	216.0	216.0
888	457.0	347.0	272.0	235.0	235.0
889	480.0	358.0	277.0	236.0	236.0
890	447.0	333.0	258.0	219.0	219.0
891	457.0	339.0	260.0	222.0	222.0
892	453.0	343.0	268.0	232.0	232.0
893	449.0	336.0	262.0	224.0	224.0
894	445.0	334.0	259.0	220.0	220.0
895	472.0	350.0	269.0	228.0	228.0
896	467.0	352.0	276.0	237.0	237.0
897	456.0	341.0	264.0	225.0	225.0
898	457.0	342.0	263.0	225.0	225.0
899	452.0	336.0	260.0	221.0	221.0
900	456.0	346.0	271.0	235.0	235.0
901	455.0	340.0	263.0	224.0	224.0
902	462.0	345.0	266.0	227.0	227.0
903	444.0	331.0	255.0	216.0	216.0
904	451.0	341.0	266.0	229.0	229.0
905	487.0	363.0	281.0	239.0	239.0
906	447.0	334.0	259.0	220.0	220.0
907	444.0	331.0	256.0	216.0	216.0
908	475.0	359.0	280.0	241.0	241.0
909	466.0	348.0	268.0	230.0	230.0
910	457.0	341.0	264.0	226.0	226.0
911	453.0	338.0	259.0	221.0	221.0
912	470.0	355.0	277.0	239.0	239.0
913	447.0	336.0	260.0	222.0	222.0
914	461.0	345.0	268.0	230.0	230.0
915	431.0	320.0	247.0	209.0	209.0
916	481.0	363.0	283.0	243.0	243.0
917	470.0	351.0	270.0	231.0	231.0
918	464.0	346.0	267.0	228.0	228.0
919	442.0	329.0	252.0	213.0	213.0
920	500.0	375.0	292.0	251.0	251.0
921	447.0	335.0	261.0	222.0	222.0
922	466.0	347.0	270.0	228.0	228.0
923	440.0	327.0	252.0	214.0	214.0
924	460.0	348.0	272.0	234.0	234.0
925	452.0	337.0	261.0	223.0	223.0
926	458.0	342.0	266.0	226.0	226.0
927	433.0	323.0	249.0	212.0	212.0
928	482.0	363.0	283.0	244.0	244.0
929	472.0	353.0	272.0	234.0	234.0
930	449.0	336.0	258.0	221.0	221.0
931	446.0	329.0	252.0	213.0	213.0
932	519.0	391.0	305.0	261.0	261.0
933	457.0	343.0	266.0	228.0	228.0
934	468.0	350.0	270.0	230.0	230.0
935	438.0	327.0	250.0	214.0	214.0
936	464.0	350.0	273.0	235.0	235.0
937	451.0	338.0	261.0	223.0	223.0
938	457.0	342.0	265.0	226.0	226.0
939	444.0	330.0	254.0	216.0	216.0
940	462.0	349.0	274.0	237.0	237.0
941	460.0	344.0	267.0	228.0	228.0
942	451.0	338.0	262.0	224.0	224.0
943	440.0	327.0	251.0	213.0	213.0
944	466.0	352.0	276.0	237.0	237.0
945	465.0	348.0	271.0	230.0	230.0
946	463.0	344.0	265.0	225.0	225.0
947	447.0	332.0	256.0	218.0	218.0
948	466.0	352.0	274.0	238.0	238.0
949	474.0	353.0	271.0	232.0	232.0
950	451.0	336.0	259.0	221.0	221.0
951	464.0	344.0	265.0	224.0	224.0
952	776.0	569.0	430.0	361.0	361.0
953	445.0	333.0	258.0	221.0	221.0
954	459.0	342.0	263.0	224.0	224.0
955	435.0	325.0	251.0	213.0	213.0
956	474.0	358.0	279.0	240.0	240.0
957	455.0	341.0	264.0	225.0	225.0
958	466.0	349.0	269.0	230.0	230.0
959	442.0	329.0	254.0	215.0	215.0
960	468.0	352.0	274.0	235.0	235.0
961	477.0	355.0	275.0	234.0	234.0
962	461.0	344.0	265.0	226.0	226.0
963	451.0	335.0	257.0	218.0	218.0
964	457.0	344.0	268.0	232.0	232.0
965	446.0	334.0	260.0	223.0	223.0
966	452.0	336.0	260.0	221.0	221.0
967	445.0	330.0	255.0	217.0	217.0
968	459.0	345.0	268.0	231.0	231.0
969	455.0	340.0	263.0	226.0	226.0
970	446.0	333.0	256.0	218.0	218.0
971	443.0	330.0	254.0	216.0	216.0
972	460.0	348.0	272.0	235.0	235.0
973	466.0	350.0	272.0	232.0	232.0
974	469.0	349.0	269.0	228.0	228.0
975	442.0	328.0	254.0	215.0	215.0
976	470.0	355.0	278.0	240.0	240.0
977	449.0	336.0	261.0	223.0	223.0
978	454.0	339.0	262.0	223.0	223.0
979	447.0	332.0	257.0	218.0	218.0
980	455.0	343.0	269.0	231.0	231.0
981	460.0	346.0	269.0	231.0	231.0
982	462.0	345.0	265.0	226.0	226.0
983	447.0	332.0	256.0	219.0	219.0
984	478.0	359.0	281.0	242.0	242.0
985	463.0	347.0	269.0	230.0	230.0
986	442.0	329.0	254.0	215.0	215.0
987	445.0	333.0	258.0	218.0	218.0
988	467.0	352.0	276.0	237.0	237.0
989	453.0	339.0	264.0	226.0	226.0
990	457.0	341.0	262.0	225.0	225.0
991	462.0	344.0	265.0	224.0	224.0
992	456.0	343.0	270.0	230.0	230.0
993	449.0	336.0	261.0	224.0	224.0
994	468.0	348.0	268.0	229.0	229.0
995	444.0	332.0	258.0	218.0	218.0
996	477.0	358.0	281.0	241.0	241.0
997	470.0	352.0	274.0	234.0	234.0
998	453.0	336.0	260.0	220.0	220.0
999	441.0	329.0	255.0	217.0	217.0
1000	469.0	353.0	274.0	236.0	236.0
1001	460.0	345.0	267.0	228.0	228.0
1002	450.0	337.0	260.0	221.0	221.0
1003	472.0	350.0	270.0	229.0	229.0
1004	472.0	356.0	278.0	238.0	238.0
1005	457.0	343.0	266.0	228.0	228.0
1006	452.0	338.0	262.0	223.0	223.0
1007	450.0	336.0	258.0	220.0	220.0
1008	474.0	357.0	278.0	241.0	241.0
1009	465.0	349.0	272.0	230.0	230.0
1010	475.0	353.0	273.0	232.0	232.0
1011	467.0	347.0	266.0	225.0	225.0
1012	489.0	367.0	287.0	246.0	246.0
1013	465.0	349.0	271.0	231.0	231.0
1014	464.0	345.0	267.0	227.0	227.0
1015	449.0	334.0	257.0	217.0	217.0
1016	460.0	348.0	271.0	235.0	235.0
1017	475.0	356.0	275.0	236.0	236.0
1018	464.0	345.0	265.0	226.0	226.0
1019	445.0	332.0	255.0	216.0	216.0
1020	487.0	367.0	285.0	245.0	245.0
1021	457.0	344.0	267.0	229.0	229.0
1022	468.0	349.0	269.0	229.0	229.0
1023	450.0	336.0	260.0	222.0	222.0
1024	471.0	353.0	273.0	234.0	234.0
