/*Tiempo de exposicion:	0.9	0.9	0.6	0.6	0.6
/*Numero de Scans	1	1	1	1	1
/*Scans Ignorados	0	0	0	0	0
/*Modo de Adquiquisicion	1 	1 	1 	1 	1 
/*Temperatura del detector	0 	0 	0 	0 	0 
/*Red	1	1	1	1	1
/*Posicion del Contador	000	000	000	000	000
/*Archivo:	barridoP_0054.OMAIII	barridoP_0054.OMAIII	barridoP_0053.OMAIII	barridoP_0053.OMAIII	barridoP_0053.OMAIII
1	61.0	61.0	61.0	61.0	61.0
2	0.0	0.0	0.0	0.0	0.0
3	47.0	47.0	29.0	29.0	29.0
4	141.0	141.0	122.0	122.0	122.0
5	133.0	133.0	114.0	114.0	114.0
6	115.0	115.0	97.0	97.0	97.0
7	119.0	119.0	99.0	99.0	99.0
8	130.0	130.0	111.0	111.0	111.0
9	132.0	132.0	113.0	113.0	113.0
10	112.0	112.0	93.0	93.0	93.0
11	117.0	117.0	100.0	100.0	100.0
12	143.0	143.0	125.0	125.0	125.0
13	124.0	124.0	106.0	106.0	106.0
14	109.0	109.0	90.0	90.0	90.0
15	120.0	120.0	101.0	101.0	101.0
16	138.0	138.0	118.0	118.0	118.0
17	136.0	136.0	115.0	115.0	115.0
18	112.0	112.0	94.0	94.0	94.0
19	138.0	138.0	112.0	112.0	112.0
20	130.0	130.0	111.0	111.0	111.0
21	131.0	131.0	112.0	112.0	112.0
22	123.0	123.0	104.0	104.0	104.0
23	120.0	120.0	100.0	100.0	100.0
24	134.0	134.0	116.0	116.0	116.0
25	135.0	135.0	113.0	113.0	113.0
26	125.0	125.0	103.0	103.0	103.0
27	125.0	125.0	105.0	105.0	105.0
28	133.0	133.0	114.0	114.0	114.0
29	139.0	139.0	115.0	115.0	115.0
30	121.0	121.0	101.0	101.0	101.0
31	118.0	118.0	99.0	99.0	99.0
32	132.0	132.0	113.0	113.0	113.0
33	125.0	125.0	107.0	107.0	107.0
34	115.0	115.0	96.0	96.0	96.0
35	111.0	111.0	93.0	93.0	93.0
36	137.0	137.0	118.0	118.0	118.0
37	136.0	136.0	116.0	116.0	116.0
38	114.0	114.0	95.0	95.0	95.0
39	125.0	125.0	107.0	107.0	107.0
40	132.0	132.0	114.0	114.0	114.0
41	129.0	129.0	110.0	110.0	110.0
42	115.0	115.0	97.0	97.0	97.0
43	118.0	118.0	99.0	99.0	99.0
44	129.0	129.0	112.0	112.0	112.0
45	129.0	129.0	109.0	109.0	109.0
46	118.0	118.0	99.0	99.0	99.0
47	121.0	121.0	101.0	101.0	101.0
48	131.0	131.0	113.0	113.0	113.0
49	129.0	129.0	111.0	111.0	111.0
50	117.0	117.0	98.0	98.0	98.0
51	134.0	134.0	110.0	110.0	110.0
52	133.0	133.0	113.0	113.0	113.0
53	129.0	129.0	111.0	111.0	111.0
54	119.0	119.0	100.0	100.0	100.0
55	121.0	121.0	103.0	103.0	103.0
56	132.0	132.0	113.0	113.0	113.0
57	124.0	124.0	106.0	106.0	106.0
58	116.0	116.0	97.0	97.0	97.0
59	120.0	120.0	101.0	101.0	101.0
60	139.0	139.0	117.0	117.0	117.0
61	128.0	128.0	110.0	110.0	110.0
62	115.0	115.0	96.0	96.0	96.0
63	123.0	123.0	104.0	104.0	104.0
64	138.0	138.0	119.0	119.0	119.0
65	127.0	127.0	110.0	110.0	110.0
66	115.0	115.0	96.0	96.0	96.0
67	118.0	118.0	100.0	100.0	100.0
68	131.0	131.0	113.0	113.0	113.0
69	126.0	126.0	106.0	106.0	106.0
70	115.0	115.0	96.0	96.0	96.0
71	120.0	120.0	101.0	101.0	101.0
72	132.0	132.0	114.0	114.0	114.0
73	126.0	126.0	107.0	107.0	107.0
74	119.0	119.0	100.0	100.0	100.0
75	121.0	121.0	103.0	103.0	103.0
76	130.0	130.0	110.0	110.0	110.0
77	126.0	126.0	108.0	108.0	108.0
78	124.0	124.0	106.0	106.0	106.0
79	119.0	119.0	102.0	102.0	102.0
80	132.0	132.0	113.0	113.0	113.0
81	127.0	127.0	109.0	109.0	109.0
82	116.0	116.0	96.0	96.0	96.0
83	123.0	123.0	104.0	104.0	104.0
84	136.0	136.0	118.0	118.0	118.0
85	124.0	124.0	104.0	104.0	104.0
86	120.0	120.0	101.0	101.0	101.0
87	126.0	126.0	107.0	107.0	107.0
88	129.0	129.0	111.0	111.0	111.0
89	128.0	128.0	108.0	108.0	108.0
90	122.0	122.0	104.0	104.0	104.0
91	117.0	117.0	99.0	99.0	99.0
92	130.0	130.0	111.0	111.0	111.0
93	129.0	129.0	111.0	111.0	111.0
94	119.0	119.0	100.0	100.0	100.0
95	123.0	123.0	102.0	102.0	102.0
96	133.0	133.0	112.0	112.0	112.0
97	131.0	131.0	111.0	111.0	111.0
98	115.0	115.0	99.0	99.0	99.0
99	122.0	122.0	102.0	102.0	102.0
100	138.0	138.0	117.0	117.0	117.0
101	126.0	126.0	107.0	107.0	107.0
102	123.0	123.0	103.0	103.0	103.0
103	124.0	124.0	104.0	104.0	104.0
104	138.0	138.0	119.0	119.0	119.0
105	129.0	129.0	110.0	110.0	110.0
106	118.0	118.0	100.0	100.0	100.0
107	123.0	123.0	103.0	103.0	103.0
108	130.0	130.0	112.0	112.0	112.0
109	126.0	126.0	108.0	108.0	108.0
110	113.0	113.0	95.0	95.0	95.0
111	119.0	119.0	101.0	101.0	101.0
112	132.0	132.0	113.0	113.0	113.0
113	131.0	131.0	112.0	112.0	112.0
114	116.0	116.0	96.0	96.0	96.0
115	115.0	115.0	97.0	97.0	97.0
116	132.0	132.0	115.0	115.0	115.0
117	133.0	133.0	115.0	115.0	115.0
118	116.0	116.0	98.0	98.0	98.0
119	117.0	117.0	97.0	97.0	97.0
120	147.0	147.0	122.0	122.0	122.0
121	143.0	143.0	124.0	124.0	124.0
122	117.0	117.0	97.0	97.0	97.0
123	128.0	128.0	109.0	109.0	109.0
124	128.0	128.0	110.0	110.0	110.0
125	139.0	139.0	121.0	121.0	121.0
126	119.0	119.0	101.0	101.0	101.0
127	124.0	124.0	104.0	104.0	104.0
128	131.0	131.0	112.0	112.0	112.0
129	130.0	130.0	111.0	111.0	111.0
130	115.0	115.0	96.0	96.0	96.0
131	124.0	124.0	105.0	105.0	105.0
132	132.0	132.0	114.0	114.0	114.0
133	136.0	136.0	118.0	118.0	118.0
134	118.0	118.0	101.0	101.0	101.0
135	126.0	126.0	107.0	107.0	107.0
136	130.0	130.0	112.0	112.0	112.0
137	136.0	136.0	115.0	115.0	115.0
138	119.0	119.0	100.0	100.0	100.0
139	120.0	120.0	102.0	102.0	102.0
140	137.0	137.0	118.0	118.0	118.0
141	133.0	133.0	113.0	113.0	113.0
142	141.0	141.0	114.0	114.0	114.0
143	114.0	114.0	97.0	97.0	97.0
144	134.0	134.0	114.0	114.0	114.0
145	131.0	131.0	111.0	111.0	111.0
146	115.0	115.0	101.0	101.0	101.0
147	122.0	122.0	104.0	104.0	104.0
148	132.0	132.0	115.0	115.0	115.0
149	126.0	126.0	108.0	108.0	108.0
150	122.0	122.0	102.0	102.0	102.0
151	118.0	118.0	101.0	101.0	101.0
152	131.0	131.0	111.0	111.0	111.0
153	128.0	128.0	110.0	110.0	110.0
154	128.0	128.0	106.0	106.0	106.0
155	122.0	122.0	104.0	104.0	104.0
156	130.0	130.0	111.0	111.0	111.0
157	127.0	127.0	108.0	108.0	108.0
158	114.0	114.0	96.0	96.0	96.0
159	121.0	121.0	102.0	102.0	102.0
160	131.0	131.0	113.0	113.0	113.0
161	125.0	125.0	107.0	107.0	107.0
162	117.0	117.0	97.0	97.0	97.0
163	119.0	119.0	101.0	101.0	101.0
164	135.0	135.0	115.0	115.0	115.0
165	131.0	131.0	112.0	112.0	112.0
166	121.0	121.0	102.0	102.0	102.0
167	119.0	119.0	101.0	101.0	101.0
168	133.0	133.0	114.0	114.0	114.0
169	129.0	129.0	111.0	111.0	111.0
170	123.0	123.0	103.0	103.0	103.0
171	122.0	122.0	104.0	104.0	104.0
172	131.0	131.0	112.0	112.0	112.0
173	125.0	125.0	107.0	107.0	107.0
174	118.0	118.0	101.0	101.0	101.0
175	119.0	119.0	101.0	101.0	101.0
176	135.0	135.0	115.0	115.0	115.0
177	127.0	127.0	110.0	110.0	110.0
178	114.0	114.0	96.0	96.0	96.0
179	123.0	123.0	103.0	103.0	103.0
180	131.0	131.0	113.0	113.0	113.0
181	127.0	127.0	110.0	110.0	110.0
182	128.0	128.0	107.0	107.0	107.0
183	122.0	122.0	102.0	102.0	102.0
184	135.0	135.0	115.0	115.0	115.0
185	124.0	124.0	106.0	106.0	106.0
186	117.0	117.0	98.0	98.0	98.0
187	120.0	120.0	101.0	101.0	101.0
188	130.0	130.0	112.0	112.0	112.0
189	128.0	128.0	111.0	111.0	111.0
190	116.0	116.0	98.0	98.0	98.0
191	120.0	120.0	101.0	101.0	101.0
192	141.0	141.0	118.0	118.0	118.0
193	125.0	125.0	108.0	108.0	108.0
194	120.0	120.0	100.0	100.0	100.0
195	126.0	126.0	105.0	105.0	105.0
196	133.0	133.0	114.0	114.0	114.0
197	127.0	127.0	108.0	108.0	108.0
198	119.0	119.0	100.0	100.0	100.0
199	134.0	134.0	112.0	112.0	112.0
200	134.0	134.0	114.0	114.0	114.0
201	130.0	130.0	110.0	110.0	110.0
202	120.0	120.0	100.0	100.0	100.0
203	120.0	120.0	102.0	102.0	102.0
204	137.0	137.0	118.0	118.0	118.0
205	136.0	136.0	115.0	115.0	115.0
206	122.0	122.0	102.0	102.0	102.0
207	121.0	121.0	102.0	102.0	102.0
208	131.0	131.0	111.0	111.0	111.0
209	128.0	128.0	109.0	109.0	109.0
210	121.0	121.0	103.0	103.0	103.0
211	125.0	125.0	105.0	105.0	105.0
212	133.0	133.0	116.0	116.0	116.0
213	130.0	130.0	110.0	110.0	110.0
214	117.0	117.0	99.0	99.0	99.0
215	122.0	122.0	103.0	103.0	103.0
216	128.0	128.0	110.0	110.0	110.0
217	132.0	132.0	113.0	113.0	113.0
218	118.0	118.0	100.0	100.0	100.0
219	148.0	148.0	121.0	121.0	121.0
220	132.0	132.0	115.0	115.0	115.0
221	132.0	132.0	113.0	113.0	113.0
222	120.0	120.0	101.0	101.0	101.0
223	118.0	118.0	100.0	100.0	100.0
224	128.0	128.0	111.0	111.0	111.0
225	131.0	131.0	112.0	112.0	112.0
226	122.0	122.0	102.0	102.0	102.0
227	130.0	130.0	107.0	107.0	107.0
228	131.0	131.0	111.0	111.0	111.0
229	129.0	129.0	110.0	110.0	110.0
230	119.0	119.0	101.0	101.0	101.0
231	121.0	121.0	101.0	101.0	101.0
232	131.0	131.0	112.0	112.0	112.0
233	132.0	132.0	112.0	112.0	112.0
234	119.0	119.0	100.0	100.0	100.0
235	124.0	124.0	105.0	105.0	105.0
236	131.0	131.0	112.0	112.0	112.0
237	127.0	127.0	109.0	109.0	109.0
238	124.0	124.0	104.0	104.0	104.0
239	123.0	123.0	102.0	102.0	102.0
240	132.0	132.0	114.0	114.0	114.0
241	128.0	128.0	109.0	109.0	109.0
242	117.0	117.0	98.0	98.0	98.0
243	121.0	121.0	101.0	101.0	101.0
244	135.0	135.0	116.0	116.0	116.0
245	130.0	130.0	112.0	112.0	112.0
246	119.0	119.0	100.0	100.0	100.0
247	119.0	119.0	101.0	101.0	101.0
248	132.0	132.0	114.0	114.0	114.0
249	130.0	130.0	111.0	111.0	111.0
250	117.0	117.0	98.0	98.0	98.0
251	125.0	125.0	107.0	107.0	107.0
252	134.0	134.0	114.0	114.0	114.0
253	129.0	129.0	110.0	110.0	110.0
254	125.0	125.0	104.0	104.0	104.0
255	121.0	121.0	102.0	102.0	102.0
256	137.0	137.0	117.0	117.0	117.0
257	124.0	124.0	107.0	107.0	107.0
258	120.0	120.0	100.0	100.0	100.0
259	123.0	123.0	105.0	105.0	105.0
260	131.0	131.0	112.0	112.0	112.0
261	130.0	130.0	111.0	111.0	111.0
262	125.0	125.0	104.0	104.0	104.0
263	123.0	123.0	102.0	102.0	102.0
264	137.0	137.0	118.0	118.0	118.0
265	130.0	130.0	112.0	112.0	112.0
266	118.0	118.0	99.0	99.0	99.0
267	130.0	130.0	108.0	108.0	108.0
268	137.0	137.0	117.0	117.0	117.0
269	135.0	135.0	115.0	115.0	115.0
270	121.0	121.0	102.0	102.0	102.0
271	122.0	122.0	103.0	103.0	103.0
272	137.0	137.0	116.0	116.0	116.0
273	128.0	128.0	110.0	110.0	110.0
274	138.0	138.0	114.0	114.0	114.0
275	124.0	124.0	105.0	105.0	105.0
276	133.0	133.0	114.0	114.0	114.0
277	125.0	125.0	107.0	107.0	107.0
278	127.0	127.0	104.0	104.0	104.0
279	121.0	121.0	102.0	102.0	102.0
280	135.0	135.0	117.0	117.0	117.0
281	134.0	134.0	115.0	115.0	115.0
282	122.0	122.0	102.0	102.0	102.0
283	122.0	122.0	103.0	103.0	103.0
284	133.0	133.0	115.0	115.0	115.0
285	134.0	134.0	114.0	114.0	114.0
286	120.0	120.0	101.0	101.0	101.0
287	125.0	125.0	105.0	105.0	105.0
288	133.0	133.0	114.0	114.0	114.0
289	130.0	130.0	113.0	113.0	113.0
290	122.0	122.0	102.0	102.0	102.0
291	129.0	129.0	109.0	109.0	109.0
292	135.0	135.0	115.0	115.0	115.0
293	128.0	128.0	108.0	108.0	108.0
294	120.0	120.0	101.0	101.0	101.0
295	125.0	125.0	105.0	105.0	105.0
296	134.0	134.0	116.0	116.0	116.0
297	129.0	129.0	109.0	109.0	109.0
298	121.0	121.0	102.0	102.0	102.0
299	122.0	122.0	104.0	104.0	104.0
300	135.0	135.0	116.0	116.0	116.0
301	134.0	134.0	114.0	114.0	114.0
302	117.0	117.0	99.0	99.0	99.0
303	121.0	121.0	102.0	102.0	102.0
304	135.0	135.0	116.0	116.0	116.0
305	132.0	132.0	113.0	113.0	113.0
306	122.0	122.0	102.0	102.0	102.0
307	129.0	129.0	109.0	109.0	109.0
308	139.0	139.0	119.0	119.0	119.0
309	129.0	129.0	110.0	110.0	110.0
310	118.0	118.0	99.0	99.0	99.0
311	121.0	121.0	102.0	102.0	102.0
312	138.0	138.0	119.0	119.0	119.0
313	136.0	136.0	115.0	115.0	115.0
314	121.0	121.0	102.0	102.0	102.0
315	125.0	125.0	106.0	106.0	106.0
316	136.0	136.0	116.0	116.0	116.0
317	135.0	135.0	115.0	115.0	115.0
318	123.0	123.0	103.0	103.0	103.0
319	124.0	124.0	105.0	105.0	105.0
320	133.0	133.0	115.0	115.0	115.0
321	133.0	133.0	115.0	115.0	115.0
322	124.0	124.0	105.0	105.0	105.0
323	124.0	124.0	105.0	105.0	105.0
324	139.0	139.0	118.0	118.0	118.0
325	132.0	132.0	113.0	113.0	113.0
326	122.0	122.0	103.0	103.0	103.0
327	125.0	125.0	105.0	105.0	105.0
328	139.0	139.0	120.0	120.0	120.0
329	147.0	147.0	122.0	122.0	122.0
330	124.0	124.0	103.0	103.0	103.0
331	122.0	122.0	103.0	103.0	103.0
332	141.0	141.0	121.0	121.0	121.0
333	133.0	133.0	114.0	114.0	114.0
334	126.0	126.0	106.0	106.0	106.0
335	121.0	121.0	102.0	102.0	102.0
336	135.0	135.0	115.0	115.0	115.0
337	134.0	134.0	115.0	115.0	115.0
338	125.0	125.0	105.0	105.0	105.0
339	116.0	116.0	99.0	99.0	99.0
340	134.0	134.0	115.0	115.0	115.0
341	136.0	136.0	116.0	116.0	116.0
342	119.0	119.0	101.0	101.0	101.0
343	124.0	124.0	105.0	105.0	105.0
344	135.0	135.0	117.0	117.0	117.0
345	135.0	135.0	116.0	116.0	116.0
346	124.0	124.0	104.0	104.0	104.0
347	121.0	121.0	102.0	102.0	102.0
348	135.0	135.0	116.0	116.0	116.0
349	130.0	130.0	111.0	111.0	111.0
350	122.0	122.0	103.0	103.0	103.0
351	124.0	124.0	104.0	104.0	104.0
352	138.0	138.0	118.0	118.0	118.0
353	138.0	138.0	117.0	117.0	117.0
354	122.0	122.0	101.0	101.0	101.0
355	120.0	120.0	102.0	102.0	102.0
356	139.0	139.0	119.0	119.0	119.0
357	132.0	132.0	112.0	112.0	112.0
358	121.0	121.0	102.0	102.0	102.0
359	122.0	122.0	103.0	103.0	103.0
360	140.0	140.0	122.0	122.0	122.0
361	131.0	131.0	112.0	112.0	112.0
362	124.0	124.0	104.0	104.0	104.0
363	124.0	124.0	105.0	105.0	105.0
364	138.0	138.0	118.0	118.0	118.0
365	130.0	130.0	112.0	112.0	112.0
366	121.0	121.0	104.0	104.0	104.0
367	122.0	122.0	102.0	102.0	102.0
368	136.0	136.0	117.0	117.0	117.0
369	134.0	134.0	117.0	117.0	117.0
370	125.0	125.0	106.0	106.0	106.0
371	121.0	121.0	104.0	104.0	104.0
372	139.0	139.0	119.0	119.0	119.0
373	129.0	129.0	111.0	111.0	111.0
374	126.0	126.0	106.0	106.0	106.0
375	124.0	124.0	106.0	106.0	106.0
376	135.0	135.0	118.0	118.0	118.0
377	132.0	132.0	112.0	112.0	112.0
378	119.0	119.0	100.0	100.0	100.0
379	122.0	122.0	104.0	104.0	104.0
380	134.0	134.0	114.0	114.0	114.0
381	135.0	135.0	115.0	115.0	115.0
382	130.0	130.0	109.0	109.0	109.0
383	126.0	126.0	107.0	107.0	107.0
384	144.0	144.0	122.0	122.0	122.0
385	137.0	137.0	116.0	116.0	116.0
386	122.0	122.0	104.0	104.0	104.0
387	123.0	123.0	103.0	103.0	103.0
388	136.0	136.0	116.0	116.0	116.0
389	131.0	131.0	114.0	114.0	114.0
390	127.0	127.0	108.0	108.0	108.0
391	137.0	137.0	114.0	114.0	114.0
392	137.0	137.0	118.0	118.0	118.0
393	132.0	132.0	113.0	113.0	113.0
394	121.0	121.0	101.0	101.0	101.0
395	127.0	127.0	107.0	107.0	107.0
396	137.0	137.0	118.0	118.0	118.0
397	126.0	126.0	109.0	109.0	109.0
398	119.0	119.0	101.0	101.0	101.0
399	126.0	126.0	106.0	106.0	106.0
400	139.0	139.0	119.0	119.0	119.0
401	136.0	136.0	116.0	116.0	116.0
402	120.0	120.0	102.0	102.0	102.0
403	125.0	125.0	107.0	107.0	107.0
404	138.0	138.0	118.0	118.0	118.0
405	130.0	130.0	111.0	111.0	111.0
406	119.0	119.0	101.0	101.0	101.0
407	125.0	125.0	107.0	107.0	107.0
408	145.0	145.0	124.0	124.0	124.0
409	132.0	132.0	112.0	112.0	112.0
410	124.0	124.0	105.0	105.0	105.0
411	124.0	124.0	105.0	105.0	105.0
412	139.0	139.0	120.0	120.0	120.0
413	136.0	136.0	116.0	116.0	116.0
414	122.0	122.0	103.0	103.0	103.0
415	128.0	128.0	108.0	108.0	108.0
416	147.0	147.0	124.0	124.0	124.0
417	147.0	147.0	122.0	122.0	122.0
418	124.0	124.0	104.0	104.0	104.0
419	123.0	123.0	104.0	104.0	104.0
420	139.0	139.0	119.0	119.0	119.0
421	145.0	145.0	121.0	121.0	121.0
422	122.0	122.0	103.0	103.0	103.0
423	125.0	125.0	105.0	105.0	105.0
424	139.0	139.0	119.0	119.0	119.0
425	138.0	138.0	118.0	118.0	118.0
426	120.0	120.0	102.0	102.0	102.0
427	123.0	123.0	104.0	104.0	104.0
428	137.0	137.0	119.0	119.0	119.0
429	132.0	132.0	114.0	114.0	114.0
430	122.0	122.0	102.0	102.0	102.0
431	127.0	127.0	109.0	109.0	109.0
432	142.0	142.0	122.0	122.0	122.0
433	133.0	133.0	114.0	114.0	114.0
434	128.0	128.0	106.0	106.0	106.0
435	125.0	125.0	105.0	105.0	105.0
436	136.0	136.0	117.0	117.0	117.0
437	134.0	134.0	115.0	115.0	115.0
438	122.0	122.0	103.0	103.0	103.0
439	126.0	126.0	106.0	106.0	106.0
440	137.0	137.0	120.0	120.0	120.0
441	129.0	129.0	109.0	109.0	109.0
442	123.0	123.0	105.0	105.0	105.0
443	123.0	123.0	105.0	105.0	105.0
444	139.0	139.0	120.0	120.0	120.0
445	138.0	138.0	116.0	116.0	116.0
446	121.0	121.0	102.0	102.0	102.0
447	128.0	128.0	107.0	107.0	107.0
448	137.0	137.0	116.0	116.0	116.0
449	130.0	130.0	111.0	111.0	111.0
450	122.0	122.0	103.0	103.0	103.0
451	124.0	124.0	105.0	105.0	105.0
452	133.0	133.0	116.0	116.0	116.0
453	133.0	133.0	115.0	115.0	115.0
454	123.0	123.0	103.0	103.0	103.0
455	122.0	122.0	104.0	104.0	104.0
456	138.0	138.0	118.0	118.0	118.0
457	136.0	136.0	117.0	117.0	117.0
458	118.0	118.0	101.0	101.0	101.0
459	120.0	120.0	102.0	102.0	102.0
460	144.0	144.0	123.0	123.0	123.0
461	138.0	138.0	118.0	118.0	118.0
462	121.0	121.0	102.0	102.0	102.0
463	122.0	122.0	103.0	103.0	103.0
464	139.0	139.0	122.0	122.0	122.0
465	137.0	137.0	116.0	116.0	116.0
466	122.0	122.0	102.0	102.0	102.0
467	122.0	122.0	102.0	102.0	102.0
468	138.0	138.0	119.0	119.0	119.0
469	130.0	130.0	112.0	112.0	112.0
470	126.0	126.0	105.0	105.0	105.0
471	124.0	124.0	104.0	104.0	104.0
472	137.0	137.0	118.0	118.0	118.0
473	132.0	132.0	115.0	115.0	115.0
474	124.0	124.0	106.0	106.0	106.0
475	124.0	124.0	104.0	104.0	104.0
476	140.0	140.0	120.0	120.0	120.0
477	136.0	136.0	117.0	117.0	117.0
478	124.0	124.0	105.0	105.0	105.0
479	125.0	125.0	107.0	107.0	107.0
480	140.0	140.0	120.0	120.0	120.0
481	135.0	135.0	115.0	115.0	115.0
482	130.0	130.0	108.0	108.0	108.0
483	125.0	125.0	105.0	105.0	105.0
484	137.0	137.0	117.0	117.0	117.0
485	132.0	132.0	113.0	113.0	113.0
486	127.0	127.0	107.0	107.0	107.0
487	126.0	126.0	106.0	106.0	106.0
488	137.0	137.0	118.0	118.0	118.0
489	133.0	133.0	115.0	115.0	115.0
490	124.0	124.0	105.0	105.0	105.0
491	125.0	125.0	105.0	105.0	105.0
492	140.0	140.0	120.0	120.0	120.0
493	136.0	136.0	117.0	117.0	117.0
494	122.0	122.0	104.0	104.0	104.0
495	126.0	126.0	107.0	107.0	107.0
496	136.0	136.0	118.0	118.0	118.0
497	135.0	135.0	117.0	117.0	117.0
498	123.0	123.0	104.0	104.0	104.0
499	128.0	128.0	108.0	108.0	108.0
500	141.0	141.0	120.0	120.0	120.0
501	131.0	131.0	113.0	113.0	113.0
502	125.0	125.0	105.0	105.0	105.0
503	128.0	128.0	108.0	108.0	108.0
504	142.0	142.0	123.0	123.0	123.0
505	135.0	135.0	116.0	116.0	116.0
506	119.0	119.0	101.0	101.0	101.0
507	125.0	125.0	106.0	106.0	106.0
508	145.0	145.0	123.0	123.0	123.0
509	135.0	135.0	116.0	116.0	116.0
510	124.0	124.0	104.0	104.0	104.0
511	125.0	125.0	106.0	106.0	106.0
512	140.0	140.0	119.0	119.0	119.0
513	138.0	138.0	118.0	118.0	118.0
514	120.0	120.0	102.0	102.0	102.0
515	119.0	119.0	101.0	101.0	101.0
516	136.0	136.0	116.0	116.0	116.0
517	135.0	135.0	117.0	117.0	117.0
518	123.0	123.0	104.0	104.0	104.0
519	120.0	120.0	101.0	101.0	101.0
520	138.0	138.0	118.0	118.0	118.0
521	135.0	135.0	115.0	115.0	115.0
522	124.0	124.0	105.0	105.0	105.0
523	122.0	122.0	103.0	103.0	103.0
524	135.0	135.0	115.0	115.0	115.0
525	135.0	135.0	117.0	117.0	117.0
526	123.0	123.0	104.0	104.0	104.0
527	127.0	127.0	107.0	107.0	107.0
528	135.0	135.0	117.0	117.0	117.0
529	136.0	136.0	116.0	116.0	116.0
530	125.0	125.0	105.0	105.0	105.0
531	127.0	127.0	106.0	106.0	106.0
532	143.0	143.0	122.0	122.0	122.0
533	136.0	136.0	116.0	116.0	116.0
534	127.0	127.0	106.0	106.0	106.0
535	124.0	124.0	104.0	104.0	104.0
536	141.0	141.0	121.0	121.0	121.0
537	134.0	134.0	114.0	114.0	114.0
538	126.0	126.0	106.0	106.0	106.0
539	124.0	124.0	105.0	105.0	105.0
540	142.0	142.0	122.0	122.0	122.0
541	136.0	136.0	116.0	116.0	116.0
542	123.0	123.0	103.0	103.0	103.0
543	122.0	122.0	105.0	105.0	105.0
544	138.0	138.0	120.0	120.0	120.0
545	134.0	134.0	115.0	115.0	115.0
546	123.0	123.0	104.0	104.0	104.0
547	122.0	122.0	104.0	104.0	104.0
548	141.0	141.0	120.0	120.0	120.0
549	137.0	137.0	118.0	118.0	118.0
550	120.0	120.0	103.0	103.0	103.0
551	129.0	129.0	109.0	109.0	109.0
552	137.0	137.0	118.0	118.0	118.0
553	135.0	135.0	115.0	115.0	115.0
554	121.0	121.0	102.0	102.0	102.0
555	123.0	123.0	105.0	105.0	105.0
556	139.0	139.0	119.0	119.0	119.0
557	137.0	137.0	118.0	118.0	118.0
558	125.0	125.0	106.0	106.0	106.0
559	124.0	124.0	105.0	105.0	105.0
560	138.0	138.0	117.0	117.0	117.0
561	135.0	135.0	116.0	116.0	116.0
562	122.0	122.0	105.0	105.0	105.0
563	122.0	122.0	104.0	104.0	104.0
564	141.0	141.0	121.0	121.0	121.0
565	129.0	129.0	111.0	111.0	111.0
566	123.0	123.0	104.0	104.0	104.0
567	122.0	122.0	103.0	103.0	103.0
568	138.0	138.0	119.0	119.0	119.0
569	136.0	136.0	117.0	117.0	117.0
570	122.0	122.0	104.0	104.0	104.0
571	122.0	122.0	104.0	104.0	104.0
572	134.0	134.0	116.0	116.0	116.0
573	135.0	135.0	115.0	115.0	115.0
574	124.0	124.0	105.0	105.0	105.0
575	124.0	124.0	103.0	103.0	103.0
576	143.0	143.0	123.0	123.0	123.0
577	132.0	132.0	114.0	114.0	114.0
578	125.0	125.0	106.0	106.0	106.0
579	124.0	124.0	106.0	106.0	106.0
580	140.0	140.0	120.0	120.0	120.0
581	131.0	131.0	112.0	112.0	112.0
582	120.0	120.0	101.0	101.0	101.0
583	130.0	130.0	109.0	109.0	109.0
584	136.0	136.0	118.0	118.0	118.0
585	132.0	132.0	113.0	113.0	113.0
586	123.0	123.0	104.0	104.0	104.0
587	123.0	123.0	104.0	104.0	104.0
588	134.0	134.0	116.0	116.0	116.0
589	138.0	138.0	118.0	118.0	118.0
590	121.0	121.0	102.0	102.0	102.0
591	126.0	126.0	106.0	106.0	106.0
592	139.0	139.0	121.0	121.0	121.0
593	129.0	129.0	110.0	110.0	110.0
594	123.0	123.0	105.0	105.0	105.0
595	125.0	125.0	106.0	106.0	106.0
596	134.0	134.0	115.0	115.0	115.0
597	132.0	132.0	113.0	113.0	113.0
598	120.0	120.0	102.0	102.0	102.0
599	125.0	125.0	105.0	105.0	105.0
600	143.0	143.0	124.0	124.0	124.0
601	131.0	131.0	111.0	111.0	111.0
602	123.0	123.0	103.0	103.0	103.0
603	127.0	127.0	106.0	106.0	106.0
604	136.0	136.0	118.0	118.0	118.0
605	130.0	130.0	113.0	113.0	113.0
606	126.0	126.0	106.0	106.0	106.0
607	119.0	119.0	100.0	100.0	100.0
608	139.0	139.0	120.0	120.0	120.0
609	136.0	136.0	116.0	116.0	116.0
610	124.0	124.0	104.0	104.0	104.0
611	123.0	123.0	104.0	104.0	104.0
612	138.0	138.0	119.0	119.0	119.0
613	136.0	136.0	117.0	117.0	117.0
614	123.0	123.0	104.0	104.0	104.0
615	124.0	124.0	105.0	105.0	105.0
616	139.0	139.0	119.0	119.0	119.0
617	135.0	135.0	115.0	115.0	115.0
618	122.0	122.0	103.0	103.0	103.0
619	122.0	122.0	103.0	103.0	103.0
620	138.0	138.0	120.0	120.0	120.0
621	137.0	137.0	116.0	116.0	116.0
622	122.0	122.0	104.0	104.0	104.0
623	125.0	125.0	105.0	105.0	105.0
624	143.0	143.0	123.0	123.0	123.0
625	135.0	135.0	115.0	115.0	115.0
626	124.0	124.0	105.0	105.0	105.0
627	121.0	121.0	102.0	102.0	102.0
628	138.0	138.0	119.0	119.0	119.0
629	130.0	130.0	112.0	112.0	112.0
630	120.0	120.0	102.0	102.0	102.0
631	122.0	122.0	103.0	103.0	103.0
632	142.0	142.0	121.0	121.0	121.0
633	130.0	130.0	112.0	112.0	112.0
634	122.0	122.0	103.0	103.0	103.0
635	118.0	118.0	101.0	101.0	101.0
636	142.0	142.0	122.0	122.0	122.0
637	134.0	134.0	115.0	115.0	115.0
638	123.0	123.0	104.0	104.0	104.0
639	122.0	122.0	103.0	103.0	103.0
640	136.0	136.0	118.0	118.0	118.0
641	133.0	133.0	114.0	114.0	114.0
642	120.0	120.0	102.0	102.0	102.0
643	121.0	121.0	102.0	102.0	102.0
644	140.0	140.0	119.0	119.0	119.0
645	136.0	136.0	116.0	116.0	116.0
646	123.0	123.0	104.0	104.0	104.0
647	122.0	122.0	103.0	103.0	103.0
648	142.0	142.0	123.0	123.0	123.0
649	131.0	131.0	113.0	113.0	113.0
650	129.0	129.0	111.0	111.0	111.0
651	120.0	120.0	101.0	101.0	101.0
652	143.0	143.0	123.0	123.0	123.0
653	133.0	133.0	115.0	115.0	115.0
654	167.0	167.0	133.0	133.0	133.0
655	118.0	118.0	100.0	100.0	100.0
656	142.0	142.0	123.0	123.0	123.0
657	130.0	130.0	111.0	111.0	111.0
658	127.0	127.0	108.0	108.0	108.0
659	123.0	123.0	102.0	102.0	102.0
660	147.0	147.0	126.0	126.0	126.0
661	132.0	132.0	113.0	113.0	113.0
662	123.0	123.0	103.0	103.0	103.0
663	120.0	120.0	102.0	102.0	102.0
664	140.0	140.0	122.0	122.0	122.0
665	128.0	128.0	110.0	110.0	110.0
666	123.0	123.0	102.0	102.0	102.0
667	124.0	124.0	105.0	105.0	105.0
668	145.0	145.0	126.0	126.0	126.0
669	133.0	133.0	113.0	113.0	113.0
670	122.0	122.0	102.0	102.0	102.0
671	124.0	124.0	104.0	104.0	104.0
672	137.0	137.0	118.0	118.0	118.0
673	128.0	128.0	110.0	110.0	110.0
674	124.0	124.0	104.0	104.0	104.0
675	128.0	128.0	108.0	108.0	108.0
676	132.0	132.0	114.0	114.0	114.0
677	133.0	133.0	113.0	113.0	113.0
678	123.0	123.0	104.0	104.0	104.0
679	120.0	120.0	102.0	102.0	102.0
680	135.0	135.0	117.0	117.0	117.0
681	131.0	131.0	112.0	112.0	112.0
682	121.0	121.0	101.0	101.0	101.0
683	124.0	124.0	105.0	105.0	105.0
684	136.0	136.0	118.0	118.0	118.0
685	129.0	129.0	110.0	110.0	110.0
686	120.0	120.0	102.0	102.0	102.0
687	127.0	127.0	107.0	107.0	107.0
688	139.0	139.0	119.0	119.0	119.0
689	135.0	135.0	115.0	115.0	115.0
690	122.0	122.0	103.0	103.0	103.0
691	130.0	130.0	109.0	109.0	109.0
692	138.0	138.0	119.0	119.0	119.0
693	134.0	134.0	115.0	115.0	115.0
694	123.0	123.0	105.0	105.0	105.0
695	120.0	120.0	102.0	102.0	102.0
696	146.0	146.0	126.0	126.0	126.0
697	132.0	132.0	112.0	112.0	112.0
698	127.0	127.0	108.0	108.0	108.0
699	125.0	125.0	104.0	104.0	104.0
700	140.0	140.0	119.0	119.0	119.0
701	130.0	130.0	110.0	110.0	110.0
702	127.0	127.0	108.0	108.0	108.0
703	127.0	127.0	106.0	106.0	106.0
704	138.0	138.0	119.0	119.0	119.0
705	130.0	130.0	111.0	111.0	111.0
706	121.0	121.0	103.0	103.0	103.0
707	125.0	125.0	105.0	105.0	105.0
708	140.0	140.0	120.0	120.0	120.0
709	132.0	132.0	114.0	114.0	114.0
710	122.0	122.0	105.0	105.0	105.0
711	123.0	123.0	104.0	104.0	104.0
712	143.0	143.0	122.0	122.0	122.0
713	129.0	129.0	110.0	110.0	110.0
714	128.0	128.0	108.0	108.0	108.0
715	124.0	124.0	104.0	104.0	104.0
716	139.0	139.0	118.0	118.0	118.0
717	134.0	134.0	115.0	115.0	115.0
718	120.0	120.0	102.0	102.0	102.0
719	126.0	126.0	107.0	107.0	107.0
720	136.0	136.0	116.0	116.0	116.0
721	131.0	131.0	112.0	112.0	112.0
722	121.0	121.0	103.0	103.0	103.0
723	123.0	123.0	105.0	105.0	105.0
724	139.0	139.0	120.0	120.0	120.0
725	133.0	133.0	114.0	114.0	114.0
726	125.0	125.0	105.0	105.0	105.0
727	120.0	120.0	102.0	102.0	102.0
728	136.0	136.0	116.0	116.0	116.0
729	136.0	136.0	116.0	116.0	116.0
730	121.0	121.0	102.0	102.0	102.0
731	121.0	121.0	103.0	103.0	103.0
732	135.0	135.0	116.0	116.0	116.0
733	132.0	132.0	113.0	113.0	113.0
734	124.0	124.0	106.0	106.0	106.0
735	128.0	128.0	107.0	107.0	107.0
736	140.0	140.0	122.0	122.0	122.0
737	136.0	136.0	117.0	117.0	117.0
738	125.0	125.0	106.0	106.0	106.0
739	122.0	122.0	103.0	103.0	103.0
740	137.0	137.0	118.0	118.0	118.0
741	131.0	131.0	114.0	114.0	114.0
742	129.0	129.0	108.0	108.0	108.0
743	123.0	123.0	104.0	104.0	104.0
744	139.0	139.0	120.0	120.0	120.0
745	130.0	130.0	112.0	112.0	112.0
746	129.0	129.0	109.0	109.0	109.0
747	124.0	124.0	105.0	105.0	105.0
748	142.0	142.0	122.0	122.0	122.0
749	133.0	133.0	114.0	114.0	114.0
750	124.0	124.0	106.0	106.0	106.0
751	123.0	123.0	104.0	104.0	104.0
752	141.0	141.0	122.0	122.0	122.0
753	133.0	133.0	113.0	113.0	113.0
754	134.0	134.0	112.0	112.0	112.0
755	122.0	122.0	104.0	104.0	104.0
756	139.0	139.0	121.0	121.0	121.0
757	133.0	133.0	114.0	114.0	114.0
758	124.0	124.0	105.0	105.0	105.0
759	121.0	121.0	101.0	101.0	101.0
760	138.0	138.0	119.0	119.0	119.0
761	130.0	130.0	111.0	111.0	111.0
762	126.0	126.0	106.0	106.0	106.0
763	123.0	123.0	104.0	104.0	104.0
764	145.0	145.0	124.0	124.0	124.0
765	130.0	130.0	111.0	111.0	111.0
766	121.0	121.0	104.0	104.0	104.0
767	120.0	120.0	100.0	100.0	100.0
768	142.0	142.0	122.0	122.0	122.0
769	134.0	134.0	115.0	115.0	115.0
770	125.0	125.0	107.0	107.0	107.0
771	123.0	123.0	103.0	103.0	103.0
772	138.0	138.0	119.0	119.0	119.0
773	130.0	130.0	110.0	110.0	110.0
774	125.0	125.0	106.0	106.0	106.0
775	123.0	123.0	103.0	103.0	103.0
776	138.0	138.0	119.0	119.0	119.0
777	129.0	129.0	110.0	110.0	110.0
778	122.0	122.0	104.0	104.0	104.0
779	121.0	121.0	104.0	104.0	104.0
780	142.0	142.0	123.0	123.0	123.0
781	128.0	128.0	109.0	109.0	109.0
782	126.0	126.0	105.0	105.0	105.0
783	120.0	120.0	100.0	100.0	100.0
784	138.0	138.0	119.0	119.0	119.0
785	131.0	131.0	112.0	112.0	112.0
786	124.0	124.0	104.0	104.0	104.0
787	117.0	117.0	98.0	98.0	98.0
788	140.0	140.0	121.0	121.0	121.0
789	131.0	131.0	112.0	112.0	112.0
790	126.0	126.0	106.0	106.0	106.0
791	179.0	179.0	140.0	140.0	140.0
792	142.0	142.0	123.0	123.0	123.0
793	131.0	131.0	113.0	113.0	113.0
794	125.0	125.0	106.0	106.0	106.0
795	122.0	122.0	102.0	102.0	102.0
796	137.0	137.0	117.0	117.0	117.0
797	132.0	132.0	113.0	113.0	113.0
798	125.0	125.0	106.0	106.0	106.0
799	121.0	121.0	102.0	102.0	102.0
800	140.0	140.0	120.0	120.0	120.0
801	130.0	130.0	111.0	111.0	111.0
802	124.0	124.0	105.0	105.0	105.0
803	125.0	125.0	105.0	105.0	105.0
804	143.0	143.0	123.0	123.0	123.0
805	127.0	127.0	109.0	109.0	109.0
806	132.0	132.0	110.0	110.0	110.0
807	121.0	121.0	101.0	101.0	101.0
808	137.0	137.0	118.0	118.0	118.0
809	130.0	130.0	111.0	111.0	111.0
810	124.0	124.0	106.0	106.0	106.0
811	123.0	123.0	103.0	103.0	103.0
812	138.0	138.0	118.0	118.0	118.0
813	132.0	132.0	113.0	113.0	113.0
814	129.0	129.0	108.0	108.0	108.0
815	117.0	117.0	99.0	99.0	99.0
816	142.0	142.0	123.0	123.0	123.0
817	144.0	144.0	120.0	120.0	120.0
818	126.0	126.0	106.0	106.0	106.0
819	126.0	126.0	105.0	105.0	105.0
820	144.0	144.0	123.0	123.0	123.0
821	130.0	130.0	111.0	111.0	111.0
822	126.0	126.0	107.0	107.0	107.0
823	120.0	120.0	100.0	100.0	100.0
824	137.0	137.0	119.0	119.0	119.0
825	134.0	134.0	113.0	113.0	113.0
826	123.0	123.0	104.0	104.0	104.0
827	126.0	126.0	105.0	105.0	105.0
828	142.0	142.0	123.0	123.0	123.0
829	129.0	129.0	110.0	110.0	110.0
830	127.0	127.0	108.0	108.0	108.0
831	121.0	121.0	101.0	101.0	101.0
832	139.0	139.0	119.0	119.0	119.0
833	130.0	130.0	110.0	110.0	110.0
834	122.0	122.0	104.0	104.0	104.0
835	117.0	117.0	98.0	98.0	98.0
836	139.0	139.0	119.0	119.0	119.0
837	128.0	128.0	109.0	109.0	109.0
838	123.0	123.0	103.0	103.0	103.0
839	118.0	118.0	99.0	99.0	99.0
840	143.0	143.0	123.0	123.0	123.0
841	129.0	129.0	110.0	110.0	110.0
842	127.0	127.0	107.0	107.0	107.0
843	118.0	118.0	99.0	99.0	99.0
844	143.0	143.0	124.0	124.0	124.0
845	135.0	135.0	114.0	114.0	114.0
846	124.0	124.0	105.0	105.0	105.0
847	118.0	118.0	99.0	99.0	99.0
848	139.0	139.0	118.0	118.0	118.0
849	131.0	131.0	111.0	111.0	111.0
850	125.0	125.0	105.0	105.0	105.0
851	123.0	123.0	103.0	103.0	103.0
852	140.0	140.0	120.0	120.0	120.0
853	133.0	133.0	115.0	115.0	115.0
854	125.0	125.0	104.0	104.0	104.0
855	126.0	126.0	107.0	107.0	107.0
856	141.0	141.0	120.0	120.0	120.0
857	133.0	133.0	113.0	113.0	113.0
858	123.0	123.0	104.0	104.0	104.0
859	120.0	120.0	101.0	101.0	101.0
860	141.0	141.0	120.0	120.0	120.0
861	133.0	133.0	113.0	113.0	113.0
862	127.0	127.0	107.0	107.0	107.0
863	119.0	119.0	100.0	100.0	100.0
864	154.0	154.0	128.0	128.0	128.0
865	137.0	137.0	118.0	118.0	118.0
866	124.0	124.0	105.0	105.0	105.0
867	121.0	121.0	101.0	101.0	101.0
868	139.0	139.0	120.0	120.0	120.0
869	133.0	133.0	112.0	112.0	112.0
870	125.0	125.0	108.0	108.0	108.0
871	122.0	122.0	104.0	104.0	104.0
872	143.0	143.0	123.0	123.0	123.0
873	130.0	130.0	111.0	111.0	111.0
874	134.0	134.0	111.0	111.0	111.0
875	122.0	122.0	104.0	104.0	104.0
876	138.0	138.0	120.0	120.0	120.0
877	133.0	133.0	113.0	113.0	113.0
878	127.0	127.0	108.0	108.0	108.0
879	120.0	120.0	100.0	100.0	100.0
880	137.0	137.0	119.0	119.0	119.0
881	132.0	132.0	112.0	112.0	112.0
882	123.0	123.0	104.0	104.0	104.0
883	121.0	121.0	103.0	103.0	103.0
884	141.0	141.0	120.0	120.0	120.0
885	134.0	134.0	113.0	113.0	113.0
886	127.0	127.0	106.0	106.0	106.0
887	121.0	121.0	102.0	102.0	102.0
888	140.0	140.0	121.0	121.0	121.0
889	135.0	135.0	115.0	115.0	115.0
890	123.0	123.0	105.0	105.0	105.0
891	123.0	123.0	102.0	102.0	102.0
892	139.0	139.0	120.0	120.0	120.0
893	130.0	130.0	111.0	111.0	111.0
894	127.0	127.0	109.0	109.0	109.0
895	126.0	126.0	105.0	105.0	105.0
896	140.0	140.0	121.0	121.0	121.0
897	129.0	129.0	110.0	110.0	110.0
898	127.0	127.0	108.0	108.0	108.0
899	125.0	125.0	104.0	104.0	104.0
900	143.0	143.0	123.0	123.0	123.0
901	127.0	127.0	108.0	108.0	108.0
902	129.0	129.0	109.0	109.0	109.0
903	120.0	120.0	101.0	101.0	101.0
904	137.0	137.0	117.0	117.0	117.0
905	135.0	135.0	114.0	114.0	114.0
906	126.0	126.0	106.0	106.0	106.0
907	121.0	121.0	102.0	102.0	102.0
908	144.0	144.0	124.0	124.0	124.0
909	131.0	131.0	110.0	110.0	110.0
910	130.0	130.0	110.0	110.0	110.0
911	122.0	122.0	103.0	103.0	103.0
912	142.0	142.0	124.0	124.0	124.0
913	126.0	126.0	107.0	107.0	107.0
914	132.0	132.0	112.0	112.0	112.0
915	116.0	116.0	96.0	96.0	96.0
916	146.0	146.0	125.0	125.0	125.0
917	130.0	130.0	110.0	110.0	110.0
918	129.0	129.0	110.0	110.0	110.0
919	118.0	118.0	99.0	99.0	99.0
920	145.0	145.0	125.0	125.0	125.0
921	128.0	128.0	108.0	108.0	108.0
922	130.0	130.0	110.0	110.0	110.0
923	118.0	118.0	100.0	100.0	100.0
924	140.0	140.0	122.0	122.0	122.0
925	127.0	127.0	108.0	108.0	108.0
926	129.0	129.0	110.0	110.0	110.0
927	119.0	119.0	100.0	100.0	100.0
928	143.0	143.0	123.0	123.0	123.0
929	135.0	135.0	114.0	114.0	114.0
930	125.0	125.0	106.0	106.0	106.0
931	114.0	114.0	96.0	96.0	96.0
932	152.0	152.0	130.0	130.0	130.0
933	131.0	131.0	111.0	111.0	111.0
934	131.0	131.0	111.0	111.0	111.0
935	119.0	119.0	100.0	100.0	100.0
936	140.0	140.0	120.0	120.0	120.0
937	127.0	127.0	107.0	107.0	107.0
938	130.0	130.0	110.0	110.0	110.0
939	120.0	120.0	101.0	101.0	101.0
940	142.0	142.0	124.0	124.0	124.0
941	131.0	131.0	112.0	112.0	112.0
942	127.0	127.0	108.0	108.0	108.0
943	117.0	117.0	98.0	98.0	98.0
944	142.0	142.0	121.0	121.0	121.0
945	134.0	134.0	114.0	114.0	114.0
946	127.0	127.0	106.0	106.0	106.0
947	122.0	122.0	102.0	102.0	102.0
948	140.0	140.0	122.0	122.0	122.0
949	130.0	130.0	111.0	111.0	111.0
950	126.0	126.0	106.0	106.0	106.0
951	124.0	124.0	104.0	104.0	104.0
952	188.0	188.0	152.0	152.0	152.0
953	128.0	128.0	109.0	109.0	109.0
954	125.0	125.0	105.0	105.0	105.0
955	118.0	118.0	100.0	100.0	100.0
956	142.0	142.0	122.0	122.0	122.0
957	128.0	128.0	108.0	108.0	108.0
958	130.0	130.0	110.0	110.0	110.0
959	122.0	122.0	102.0	102.0	102.0
960	139.0	139.0	119.0	119.0	119.0
961	133.0	133.0	113.0	113.0	113.0
962	128.0	128.0	109.0	109.0	109.0
963	122.0	122.0	103.0	103.0	103.0
964	136.0	136.0	118.0	118.0	118.0
965	130.0	130.0	112.0	112.0	112.0
966	125.0	125.0	106.0	106.0	106.0
967	122.0	122.0	101.0	101.0	101.0
968	137.0	137.0	117.0	117.0	117.0
969	129.0	129.0	110.0	110.0	110.0
970	123.0	123.0	104.0	104.0	104.0
971	122.0	122.0	102.0	102.0	102.0
972	141.0	141.0	122.0	122.0	122.0
973	135.0	135.0	115.0	115.0	115.0
974	129.0	129.0	108.0	108.0	108.0
975	119.0	119.0	100.0	100.0	100.0
976	143.0	143.0	123.0	123.0	123.0
977	128.0	128.0	108.0	108.0	108.0
978	126.0	126.0	107.0	107.0	107.0
979	122.0	122.0	102.0	102.0	102.0
980	137.0	137.0	119.0	119.0	119.0
981	135.0	135.0	116.0	116.0	116.0
982	126.0	126.0	106.0	106.0	106.0
983	122.0	122.0	102.0	102.0	102.0
984	143.0	143.0	122.0	122.0	122.0
985	131.0	131.0	112.0	112.0	112.0
986	121.0	121.0	103.0	103.0	103.0
987	125.0	125.0	105.0	105.0	105.0
988	140.0	140.0	121.0	121.0	121.0
989	131.0	131.0	111.0	111.0	111.0
990	126.0	126.0	107.0	107.0	107.0
991	125.0	125.0	106.0	106.0	106.0
992	138.0	138.0	118.0	118.0	118.0
993	129.0	129.0	111.0	111.0	111.0
994	128.0	128.0	107.0	107.0	107.0
995	124.0	124.0	105.0	105.0	105.0
996	142.0	142.0	123.0	123.0	123.0
997	134.0	134.0	115.0	115.0	115.0
998	123.0	123.0	104.0	104.0	104.0
999	122.0	122.0	103.0	103.0	103.0
1000	139.0	139.0	119.0	119.0	119.0
1001	132.0	132.0	112.0	112.0	112.0
1002	125.0	125.0	106.0	106.0	106.0
1003	127.0	127.0	107.0	107.0	107.0
1004	140.0	140.0	120.0	120.0	120.0
1005	130.0	130.0	112.0	112.0	112.0
1006	126.0	126.0	107.0	107.0	107.0
1007	124.0	124.0	104.0	104.0	104.0
1008	144.0	144.0	123.0	123.0	123.0
1009	133.0	133.0	113.0	113.0	113.0
1010	131.0	131.0	112.0	112.0	112.0
1011	123.0	123.0	104.0	104.0	104.0
1012	144.0	144.0	124.0	124.0	124.0
1013	135.0	135.0	113.0	113.0	113.0
1014	128.0	128.0	108.0	108.0	108.0
1015	122.0	122.0	103.0	103.0	103.0
1016	139.0	139.0	120.0	120.0	120.0
1017	136.0	136.0	116.0	116.0	116.0
1018	127.0	127.0	107.0	107.0	107.0
1019	121.0	121.0	101.0	101.0	101.0
1020	142.0	142.0	121.0	121.0	121.0
1021	133.0	133.0	114.0	114.0	114.0
1022	129.0	129.0	108.0	108.0	108.0
1023	125.0	125.0	107.0	107.0	107.0
1024	134.0	134.0	114.0	114.0	114.0
