/* Tiempo de exposicion:	18	12	12	9	9
/* Numero de Scans	1	1	1	1	1
/* Scans Ignorados	0	0	0	0	0
/* Modo de Adquiquisicion	1 	1 	1 	1 	1 
/* Temperatura del detector	0 	0 	0 	0 	0 
/*Red	2	2	2	2	2
/*Posicion del Contador	438	438	438	438	438
/*Archivo:	barridoP_0000.OMAIII	barridoP_0010.OMAIII	barridoP_0020.OMAIII	barridoP_0030.OMAIII	barridoP_0040.OMAIII
1	60.0	60.0	60.0	60.0	59.0
2	930.0	557.0	566.0	364.0	374.0
3	1079.0	729.0	733.0	547.0	560.0
4	1204.0	842.0	847.0	660.0	676.0
5	1201.0	839.0	844.0	660.0	677.0
6	1146.0	798.0	797.0	630.0	639.0
7	1176.0	816.0	821.0	650.0	655.0
8	1171.0	813.0	823.0	649.0	656.0
9	1219.0	850.0	854.0	674.0	678.0
10	1162.0	805.0	816.0	635.0	638.0
11	1174.0	813.0	827.0	638.0	652.0
12	1201.0	845.0	847.0	661.0	675.0
13	1150.0	802.0	809.0	635.0	643.0
14	1150.0	792.0	801.0	622.0	643.0
15	1212.0	842.0	851.0	661.0	675.0
16	1234.0	860.0	880.0	685.0	688.0
17	1313.0	914.0	935.0	713.0	721.0
18	1175.0	818.0	836.0	627.0	640.0
19	1586.0	1098.0	1120.0	837.0	857.0
20	1207.0	849.0	847.0	646.0	681.0
21	1284.0	907.0	883.0	699.0	733.0
22	1209.0	846.0	850.0	688.0	716.0
23	1149.0	800.0	814.0	661.0	685.0
24	1196.0	845.0	855.0	702.0	686.0
25	1335.0	930.0	952.0	763.0	737.0
26	1397.0	970.0	982.0	758.0	765.0
27	1281.0	899.0	903.0	695.0	719.0
28	1197.0	843.0	862.0	666.0	696.0
29	1412.0	985.0	1003.0	775.0	808.0
30	1277.0	895.0	905.0	711.0	725.0
31	1200.0	842.0	861.0	678.0	692.0
32	1215.0	857.0	874.0	684.0	714.0
33	1167.0	823.0	832.0	657.0	680.0
34	1198.0	839.0	844.0	677.0	693.0
35	1160.0	811.0	817.0	652.0	679.0
36	1207.0	849.0	851.0	691.0	709.0
37	1216.0	857.0	855.0	704.0	710.0
38	1145.0	794.0	803.0	652.0	655.0
39	1176.0	821.0	829.0	668.0	674.0
40	1164.0	815.0	822.0	656.0	654.0
41	1204.0	843.0	847.0	674.0	671.0
42	1155.0	804.0	813.0	632.0	641.0
43	1140.0	796.0	806.0	625.0	637.0
44	1150.0	805.0	821.0	634.0	646.0
45	1209.0	846.0	869.0	664.0	671.0
46	1185.0	828.0	856.0	641.0	651.0
47	1224.0	859.0	889.0	658.0	676.0
48	1173.0	834.0	867.0	635.0	665.0
49	1255.0	889.0	923.0	675.0	720.0
50	1264.0	896.0	925.0	678.0	727.0
51	1507.0	1062.0	1095.0	816.0	866.0
52	1265.0	899.0	905.0	704.0	758.0
53	1210.0	869.0	840.0	694.0	742.0
54	1235.0	866.0	872.0	728.0	768.0
55	1209.0	846.0	859.0	721.0	759.0
56	1189.0	835.0	853.0	721.0	702.0
57	1167.0	821.0	825.0	703.0	664.0
58	1163.0	815.0	818.0	660.0	661.0
59	1191.0	832.0	850.0	665.0	686.0
60	1301.0	911.0	932.0	725.0	746.0
61	1208.0	849.0	873.0	677.0	678.0
62	1177.0	825.0	840.0	651.0	655.0
63	1202.0	846.0	866.0	657.0	684.0
64	1232.0	871.0	887.0	679.0	716.0
65	1193.0	843.0	854.0	664.0	697.0
66	1168.0	823.0	826.0	657.0	679.0
67	1165.0	819.0	829.0	662.0	687.0
68	1183.0	834.0	851.0	678.0	700.0
69	1188.0	835.0	851.0	677.0	686.0
70	1182.0	829.0	851.0	666.0	671.0
71	1194.0	839.0	862.0	664.0	679.0
72	1200.0	850.0	872.0	669.0	696.0
73	1205.0	851.0	879.0	671.0	696.0
74	1221.0	861.0	881.0	676.0	711.0
75	1208.0	855.0	879.0	675.0	711.0
76	1217.0	860.0	875.0	689.0	726.0
77	1183.0	839.0	851.0	672.0	710.0
78	1236.0	873.0	879.0	707.0	731.0
79	1208.0	852.0	878.0	696.0	720.0
80	1210.0	856.0	886.0	696.0	712.0
81	1207.0	856.0	895.0	688.0	697.0
82	1246.0	877.0	930.0	689.0	703.0
83	1286.0	915.0	898.0	694.0	733.0
84	1244.0	897.0	872.0	704.0	749.0
85	1189.0	837.0	848.0	693.0	759.0
86	1169.0	820.0	843.0	690.0	742.0
87	1257.0	881.0	906.0	757.0	720.0
88	1196.0	846.0	878.0	719.0	681.0
89	1234.0	872.0	906.0	686.0	702.0
90	1201.0	855.0	867.0	657.0	693.0
91	1182.0	840.0	857.0	654.0	694.0
92	1235.0	877.0	897.0	696.0	752.0
93	1214.0	863.0	887.0	695.0	741.0
94	1287.0	909.0	920.0	740.0	762.0
95	1247.0	882.0	885.0	722.0	743.0
96	1193.0	846.0	862.0	699.0	726.0
97	1244.0	876.0	907.0	721.0	747.0
98	1192.0	839.0	861.0	685.0	694.0
99	1238.0	874.0	893.0	709.0	710.0
100	1322.0	934.0	940.0	745.0	773.0
101	1195.0	847.0	849.0	674.0	719.0
102	1295.0	905.0	940.0	733.0	766.0
103	1181.0	830.0	859.0	682.0	699.0
104	1202.0	855.0	882.0	695.0	694.0
105	1201.0	853.0	886.0	684.0	688.0
106	1176.0	835.0	860.0	648.0	685.0
107	1248.0	887.0	925.0	688.0	730.0
108	1192.0	852.0	898.0	672.0	716.0
109	1216.0	874.0	906.0	684.0	732.0
110	1164.0	836.0	861.0	662.0	706.0
111	1217.0	873.0	888.0	697.0	764.0
112	1235.0	886.0	885.0	720.0	790.0
113	1227.0	874.0	881.0	744.0	788.0
114	1205.0	849.0	863.0	734.0	760.0
115	1175.0	826.0	863.0	714.0	720.0
116	1198.0	850.0	889.0	720.0	707.0
117	1241.0	885.0	905.0	715.0	713.0
118	1178.0	841.0	865.0	662.0	687.0
119	1217.0	854.0	876.0	666.0	721.0
120	1492.0	1036.0	1074.0	818.0	873.0
121	1215.0	875.0	899.0	709.0	743.0
122	1186.0	849.0	859.0	688.0	720.0
123	1228.0	877.0	891.0	718.0	757.0
124	1182.0	844.0	856.0	698.0	752.0
125	1210.0	865.0	881.0	725.0	757.0
126	1166.0	824.0	864.0	702.0	708.0
127	1275.0	900.0	951.0	737.0	747.0
128	1222.0	874.0	923.0	697.0	710.0
129	1220.0	882.0	917.0	687.0	719.0
130	1204.0	869.0	892.0	664.0	732.0
131	1272.0	913.0	930.0	717.0	804.0
132	1218.0	878.0	878.0	718.0	795.0
133	1192.0	855.0	881.0	736.0	782.0
134	1183.0	837.0	863.0	727.0	752.0
135	1181.0	845.0	858.0	721.0	724.0
136	1199.0	853.0	895.0	728.0	721.0
137	1363.0	964.0	1001.0	777.0	813.0
138	1288.0	917.0	944.0	720.0	749.0
139	1212.0	866.0	913.0	696.0	721.0
140	1271.0	913.0	970.0	714.0	776.0
141	1373.0	985.0	1057.0	761.0	814.0
142	1737.0	1232.0	1308.0	948.0	995.0
143	1264.0	925.0	991.0	693.0	765.0
144	1391.0	1021.0	1076.0	768.0	856.0
145	1330.0	984.0	1042.0	759.0	877.0
146	1274.0	942.0	1023.0	747.0	874.0
147	1314.0	973.0	1011.0	802.0	900.0
148	1268.0	952.0	936.0	813.0	901.0
149	1250.0	919.0	929.0	829.0	926.0
150	1280.0	926.0	928.0	852.0	961.0
151	1192.0	857.0	856.0	829.0	849.0
152	1224.0	877.0	869.0	868.0	826.0
153	1192.0	847.0	860.0	802.0	785.0
154	1374.0	960.0	993.0	850.0	834.0
155	1156.0	818.0	835.0	713.0	687.0
156	1158.0	824.0	849.0	692.0	676.0
157	1220.0	864.0	882.0	695.0	714.0
158	1147.0	814.0	828.0	641.0	683.0
159	1209.0	853.0	879.0	686.0	711.0
160	1162.0	829.0	826.0	672.0	702.0
161	1158.0	822.0	838.0	672.0	692.0
162	1149.0	809.0	838.0	670.0	695.0
163	1179.0	832.0	870.0	671.0	695.0
164	1220.0	868.0	927.0	703.0	702.0
165	1292.0	920.0	988.0	717.0	738.0
166	1282.0	926.0	985.0	687.0	740.0
167	1247.0	903.0	950.0	671.0	746.0
168	1269.0	926.0	969.0	703.0	809.0
169	1221.0	892.0	909.0	701.0	811.0
170	1298.0	941.0	936.0	774.0	864.0
171	1230.0	880.0	893.0	771.0	837.0
172	1204.0	864.0	850.0	774.0	819.0
173	1183.0	842.0	841.0	772.0	767.0
174	1164.0	819.0	833.0	755.0	731.0
175	1174.0	825.0	840.0	717.0	711.0
176	1240.0	875.0	896.0	743.0	719.0
177	1158.0	818.0	847.0	679.0	673.0
178	1129.0	796.0	835.0	629.0	647.0
179	1234.0	874.0	897.0	677.0	702.0
180	1187.0	848.0	888.0	659.0	694.0
181	1184.0	845.0	890.0	655.0	705.0
182	1380.0	984.0	1030.0	755.0	805.0
183	1222.0	876.0	948.0	685.0	725.0
184	1313.0	954.0	975.0	733.0	798.0
185	1214.0	887.0	900.0	691.0	763.0
186	1220.0	877.0	891.0	720.0	811.0
187	1205.0	866.0	871.0	724.0	820.0
188	1173.0	840.0	874.0	749.0	777.0
189	1210.0	861.0	915.0	765.0	773.0
190	1202.0	857.0	898.0	715.0	713.0
191	1210.0	871.0	903.0	710.0	714.0
192	1407.0	1008.0	1043.0	795.0	845.0
193	1190.0	863.0	870.0	680.0	758.0
194	1238.0	888.0	903.0	726.0	788.0
195	1304.0	925.0	953.0	784.0	833.0
196	1207.0	866.0	878.0	737.0	775.0
197	1168.0	835.0	867.0	727.0	726.0
198	1243.0	881.0	932.0	743.0	758.0
199	1439.0	1019.0	1094.0	816.0	839.0
200	1261.0	910.0	990.0	718.0	739.0
201	1321.0	961.0	997.0	722.0	776.0
202	1325.0	968.0	976.0	727.0	820.0
203	1240.0	903.0	935.0	714.0	843.0
204	1292.0	933.0	947.0	774.0	890.0
205	1339.0	970.0	959.0	845.0	886.0
206	1247.0	885.0	915.0	818.0	819.0
207	1213.0	861.0	870.0	768.0	803.0
208	1229.0	878.0	885.0	768.0	761.0
209	1185.0	841.0	862.0	750.0	726.0
210	1187.0	838.0	876.0	700.0	726.0
211	1243.0	878.0	932.0	717.0	723.0
212	1233.0	877.0	932.0	707.0	710.0
213	1314.0	942.0	990.0	721.0	753.0
214	1195.0	860.0	958.0	650.0	714.0
215	1296.0	936.0	999.0	691.0	777.0
216	1262.0	936.0	948.0	699.0	773.0
217	1290.0	943.0	996.0	749.0	841.0
218	1261.0	917.0	974.0	731.0	880.0
219	1759.0	1252.0	1287.0	1015.0	1090.0
220	1256.0	923.0	942.0	819.0	841.0
221	1310.0	955.0	978.0	825.0	901.0
222	1221.0	884.0	870.0	769.0	846.0
223	1196.0	859.0	850.0	789.0	825.0
224	1155.0	820.0	846.0	772.0	787.0
225	1216.0	859.0	901.0	783.0	787.0
226	1250.0	885.0	894.0	768.0	727.0
227	1340.0	946.0	973.0	800.0	772.0
228	1178.0	838.0	879.0	673.0	711.0
229	1240.0	885.0	890.0	691.0	739.0
230	1205.0	854.0	867.0	692.0	709.0
231	1190.0	844.0	875.0	692.0	729.0
232	1230.0	872.0	922.0	702.0	749.0
233	1248.0	892.0	928.0	722.0	731.0
234	1182.0	848.0	901.0	679.0	691.0
235	1240.0	888.0	999.0	687.0	740.0
236	1250.0	911.0	1005.0	677.0	750.0
237	1290.0	958.0	1017.0	706.0	769.0
238	1364.0	1005.0	1057.0	757.0	863.0
239	1327.0	978.0	979.0	747.0	929.0
240	1240.0	923.0	877.0	770.0	917.0
241	1193.0	861.0	865.0	825.0	903.0
242	1196.0	848.0	877.0	828.0	882.0
243	1217.0	865.0	866.0	832.0	781.0
244	1236.0	880.0	886.0	841.0	752.0
245	1179.0	833.0	861.0	731.0	724.0
246	1222.0	859.0	877.0	704.0	726.0
247	1173.0	830.0	850.0	682.0	671.0
248	1210.0	857.0	904.0	699.0	704.0
249	1202.0	856.0	888.0	665.0	706.0
250	1229.0	877.0	906.0	677.0	704.0
251	1232.0	880.0	945.0	691.0	724.0
252	1267.0	910.0	994.0	697.0	766.0
253	1271.0	926.0	974.0	694.0	747.0
254	1361.0	990.0	1025.0	761.0	811.0
255	1283.0	934.0	972.0	720.0	831.0
256	1358.0	984.0	1010.0	782.0	911.0
257	1194.0	877.0	878.0	745.0	817.0
258	1223.0	879.0	921.0	790.0	827.0
259	1247.0	893.0	958.0	787.0	840.0
260	1222.0	887.0	920.0	762.0	776.0
261	1268.0	924.0	926.0	788.0	791.0
262	1316.0	943.0	926.0	783.0	841.0
263	1213.0	866.0	853.0	737.0	826.0
264	1256.0	884.0	903.0	788.0	822.0
265	1209.0	850.0	877.0	779.0	756.0
266	1181.0	831.0	864.0	726.0	676.0
267	1296.0	915.0	967.0	756.0	727.0
268	1289.0	920.0	985.0	709.0	731.0
269	1300.0	933.0	1003.0	697.0	737.0
270	1303.0	941.0	995.0	693.0	752.0
271	1289.0	936.0	969.0	693.0	786.0
272	1317.0	962.0	992.0	739.0	851.0
273	1240.0	898.0	927.0	728.0	834.0
274	1542.0	1105.0	1103.0	912.0	990.0
275	1259.0	904.0	916.0	796.0	828.0
276	1257.0	895.0	947.0	802.0	837.0
277	1214.0	869.0	925.0	749.0	764.0
278	1379.0	988.0	1009.0	824.0	804.0
279	1254.0	905.0	922.0	738.0	754.0
280	1296.0	931.0	968.0	749.0	824.0
281	1275.0	918.0	987.0	743.0	820.0
282	1316.0	943.0	1025.0	772.0	803.0
283	1311.0	956.0	1002.0	765.0	788.0
284	1286.0	945.0	1010.0	745.0	802.0
285	1314.0	962.0	1066.0	750.0	863.0
286	1303.0	954.0	1065.0	735.0	847.0
287	1425.0	1063.0	1068.0	819.0	896.0
288	1328.0	994.0	999.0	808.0	903.0
289	1274.0	940.0	958.0	797.0	963.0
290	1301.0	951.0	939.0	838.0	968.0
291	1312.0	946.0	966.0	919.0	926.0
292	1227.0	884.0	928.0	868.0	853.0
293	1255.0	899.0	964.0	824.0	808.0
294	1236.0	888.0	961.0	772.0	744.0
295	1309.0	951.0	932.0	763.0	772.0
296	1264.0	925.0	920.0	741.0	810.0
297	1233.0	883.0	905.0	733.0	834.0
298	1244.0	885.0	940.0	757.0	831.0
299	1239.0	882.0	957.0	775.0	747.0
300	1297.0	939.0	1030.0	795.0	766.0
301	1296.0	946.0	1095.0	725.0	755.0
302	1309.0	964.0	1122.0	692.0	774.0
303	1417.0	1071.0	1159.0	727.0	847.0
304	1419.0	1080.0	1138.0	773.0	936.0
305	1383.0	1059.0	1083.0	795.0	1046.0
306	1366.0	1023.0	1026.0	850.0	1077.0
307	1356.0	1011.0	994.0	955.0	1088.0
308	1345.0	982.0	1018.0	997.0	1040.0
309	1273.0	923.0	970.0	953.0	946.0
310	1274.0	926.0	951.0	896.0	843.0
311	1274.0	925.0	940.0	862.0	816.0
312	1353.0	977.0	998.0	847.0	876.0
313	1334.0	959.0	1007.0	815.0	868.0
314	1257.0	901.0	972.0	771.0	795.0
315	1312.0	950.0	1017.0	789.0	798.0
316	1394.0	1015.0	1093.0	811.0	831.0
317	1406.0	1028.0	1139.0	796.0	866.0
318	1384.0	1019.0	1125.0	756.0	860.0
319	1452.0	1083.0	1141.0	808.0	911.0
320	1375.0	1033.0	1082.0	801.0	925.0
321	1336.0	999.0	1091.0	810.0	982.0
322	1442.0	1065.0	1069.0	872.0	1014.0
323	1322.0	992.0	1002.0	892.0	960.0
324	1387.0	1014.0	1100.0	947.0	1012.0
325	1340.0	983.0	1107.0	893.0	980.0
326	1431.0	1056.0	1110.0	913.0	909.0
327	1419.0	1060.0	1105.0	921.0	921.0
328	1372.0	1018.0	1020.0	837.0	967.0
329	1612.0	1175.0	1161.0	976.0	1152.0
330	1298.0	938.0	998.0	884.0	954.0
331	1293.0	934.0	1026.0	905.0	929.0
332	1423.0	1029.0	1182.0	925.0	888.0
333	1419.0	1046.0	1178.0	879.0	837.0
334	1470.0	1102.0	1144.0	807.0	878.0
335	1370.0	1041.0	1055.0	763.0	922.0
336	1342.0	1004.0	1060.0	797.0	1021.0
337	1360.0	1008.0	1060.0	868.0	1047.0
338	1393.0	1030.0	1071.0	948.0	996.0
339	1265.0	932.0	938.0	893.0	895.0
340	1277.0	948.0	915.0	873.0	928.0
341	1318.0	953.0	987.0	893.0	933.0
342	1230.0	879.0	950.0	841.0	866.0
343	1281.0	926.0	1024.0	831.0	805.0
344	1329.0	965.0	1105.0	833.0	776.0
345	1409.0	1042.0	1141.0	786.0	828.0
346	1417.0	1062.0	1169.0	754.0	862.0
347	1392.0	1039.0	1210.0	755.0	919.0
348	1452.0	1107.0	1255.0	796.0	1004.0
349	1490.0	1146.0	1256.0	865.0	1018.0
350	1477.0	1144.0	1192.0	908.0	1086.0
351	1475.0	1139.0	1131.0	929.0	1171.0
352	1375.0	1049.0	1121.0	981.0	1192.0
353	1459.0	1098.0	1087.0	1072.0	1201.0
354	1366.0	1022.0	1047.0	1072.0	1084.0
355	1315.0	965.0	981.0	1025.0	1009.0
356	1324.0	978.0	967.0	977.0	1004.0
357	1274.0	927.0	917.0	927.0	899.0
358	1242.0	892.0	899.0	899.0	886.0
359	1201.0	854.0	903.0	811.0	810.0
360	1278.0	910.0	968.0	842.0	805.0
361	1224.0	881.0	951.0	759.0	722.0
362	1365.0	982.0	1082.0	784.0	783.0
363	1297.0	945.0	1101.0	700.0	768.0
364	1410.0	1047.0	1164.0	736.0	828.0
365	1389.0	1048.0	1186.0	740.0	852.0
366	1397.0	1062.0	1173.0	744.0	925.0
367	1456.0	1108.0	1271.0	805.0	1038.0
368	1462.0	1127.0	1210.0	863.0	1064.0
369	1433.0	1122.0	1123.0	924.0	1113.0
370	1447.0	1105.0	1099.0	981.0	1176.0
371	1305.0	981.0	1033.0	969.0	1176.0
372	1418.0	1047.0	1103.0	1057.0	1145.0
373	1371.0	1020.0	1070.0	1065.0	1004.0
374	1432.0	1044.0	1191.0	1025.0	974.0
375	1456.0	1072.0	1189.0	922.0	958.0
376	1426.0	1082.0	1208.0	862.0	908.0
377	1510.0	1134.0	1370.0	894.0	975.0
378	1543.0	1171.0	1411.0	834.0	1029.0
379	1622.0	1274.0	1491.0	877.0	1057.0
380	1671.0	1310.0	1539.0	949.0	1151.0
381	1795.0	1432.0	1507.0	1004.0	1358.0
382	1793.0	1422.0	1468.0	1102.0	1444.0
383	1668.0	1317.0	1343.0	1198.0	1520.0
384	1683.0	1299.0	1353.0	1287.0	1545.0
385	1611.0	1241.0	1199.0	1343.0	1423.0
386	1429.0	1088.0	1140.0	1276.0	1260.0
387	1426.0	1062.0	1172.0	1204.0	1192.0
388	1430.0	1081.0	1141.0	1120.0	1092.0
389	1390.0	1062.0	1102.0	1062.0	991.0
390	1497.0	1123.0	1148.0	1049.0	1087.0
391	1588.0	1161.0	1222.0	1028.0	1165.0
392	1358.0	1017.0	1042.0	951.0	1041.0
393	1339.0	1001.0	1018.0	968.0	1001.0
394	1274.0	935.0	986.0	918.0	941.0
395	1351.0	994.0	993.0	921.0	974.0
396	1281.0	940.0	973.0	887.0	903.0
397	1217.0	891.0	881.0	845.0	860.0
398	1200.0	871.0	862.0	805.0	844.0
399	1299.0	923.0	911.0	858.0	879.0
400	1252.0	888.0	892.0	832.0	846.0
401	1243.0	877.0	890.0	810.0	780.0
402	1182.0	829.0	854.0	753.0	706.0
403	1234.0	863.0	910.0	730.0	705.0
404	1230.0	873.0	939.0	704.0	694.0
405	1243.0	884.0	1007.0	672.0	692.0
406	1272.0	913.0	1054.0	652.0	690.0
407	1385.0	1021.0	1127.0	691.0	754.0
408	1498.0	1116.0	1295.0	765.0	878.0
409	1447.0	1096.0	1255.0	720.0	926.0
410	1523.0	1164.0	1275.0	790.0	995.0
411	1495.0	1160.0	1100.0	859.0	1064.0
412	1378.0	1064.0	980.0	898.0	1169.0
413	1320.0	983.0	911.0	970.0	1229.0
414	1248.0	891.0	875.0	1032.0	1127.0
415	1268.0	893.0	902.0	1089.0	955.0
416	1429.0	1002.0	1027.0	1112.0	899.0
417	1502.0	1050.0	1094.0	1002.0	853.0
418	1244.0	879.0	954.0	750.0	696.0
419	1239.0	881.0	998.0	674.0	680.0
420	1344.0	976.0	1037.0	698.0	735.0
421	1565.0	1140.0	1216.0	814.0	888.0
422	1330.0	971.0	1042.0	691.0	825.0
423	1354.0	1005.0	1073.0	732.0	901.0
424	1366.0	1007.0	1073.0	795.0	899.0
425	1432.0	1071.0	1025.0	879.0	987.0
426	1269.0	930.0	930.0	813.0	919.0
427	1276.0	920.0	962.0	867.0	977.0
428	1263.0	908.0	1031.0	852.0	899.0
429	1291.0	934.0	1129.0	869.0	795.0
430	1411.0	1043.0	1177.0	829.0	787.0
431	1515.0	1137.0	1228.0	800.0	872.0
432	1567.0	1120.0	1256.0	783.0	992.0
433	1440.0	1095.0	1177.0	771.0	1072.0
434	1525.0	1157.0	1309.0	907.0	1107.0
435	1571.0	1165.0	1351.0	994.0	1108.0
436	1607.0	1255.0	1190.0	989.0	1142.0
437	1453.0	1127.0	1165.0	990.0	1105.0
438	1401.0	1062.0	1010.0	994.0	1221.0
439	1376.0	1035.0	974.0	1003.0	1199.0
440	1240.0	910.0	873.0	1083.0	1051.0
441	1194.0	858.0	856.0	1035.0	998.0
442	1222.0	861.0	896.0	951.0	848.0
443	1228.0	868.0	931.0	919.0	766.0
444	1293.0	924.0	1047.0	823.0	742.0
445	1387.0	998.0	1217.0	783.0	768.0
446	1378.0	1021.0	1159.0	683.0	746.0
447	1499.0	1149.0	1206.0	731.0	869.0
448	1443.0	1083.0	1274.0	744.0	1003.0
449	1432.0	1093.0	1300.0	748.0	1160.0
450	1528.0	1176.0	1349.0	867.0	1091.0
451	1537.0	1213.0	1181.0	996.0	1097.0
452	1405.0	1115.0	1035.0	944.0	1197.0
453	1354.0	1032.0	925.0	988.0	1324.0
454	1285.0	938.0	904.0	1080.0	1284.0
455	1223.0	866.0	892.0	1142.0	1048.0
456	1256.0	890.0	949.0	1129.0	897.0
457	1301.0	925.0	1037.0	975.0	764.0
458	1272.0	909.0	1050.0	800.0	697.0
459	1327.0	978.0	1024.0	690.0	717.0
460	1459.0	1079.0	1200.0	761.0	857.0
461	1490.0	1094.0	1213.0	768.0	956.0
462	1396.0	1055.0	1160.0	744.0	937.0
463	1423.0	1066.0	1163.0	833.0	937.0
464	1427.0	1101.0	1038.0	881.0	1047.0
465	1434.0	1076.0	1033.0	916.0	1106.0
466	1232.0	905.0	903.0	912.0	1081.0
467	1214.0	873.0	961.0	920.0	993.0
468	1309.0	941.0	1138.0	997.0	883.0
469	1355.0	990.0	1290.0	910.0	780.0
470	1567.0	1180.0	1394.0	834.0	820.0
471	1559.0	1230.0	1257.0	749.0	889.0
472	1486.0	1171.0	1227.0	754.0	1096.0
473	1453.0	1123.0	1166.0	820.0	1293.0
474	1443.0	1107.0	1162.0	980.0	1278.0
475	1429.0	1077.0	1182.0	1139.0	1173.0
476	1478.0	1125.0	1093.0	1149.0	1161.0
477	1382.0	1055.0	982.0	1057.0	1089.0
478	1286.0	947.0	906.0	1014.0	1079.0
479	1222.0	879.0	890.0	953.0	1049.0
480	1279.0	908.0	965.0	993.0	920.0
481	1288.0	916.0	1027.0	974.0	809.0
482	1467.0	1043.0	1185.0	909.0	811.0
483	1344.0	992.0	1028.0	739.0	733.0
484	1331.0	994.0	1107.0	707.0	797.0
485	1365.0	1002.0	1181.0	711.0	895.0
486	1476.0	1113.0	1246.0	770.0	963.0
487	1509.0	1141.0	1364.0	859.0	938.0
488	1530.0	1179.0	1350.0	873.0	1040.0
489	1550.0	1226.0	1287.0	849.0	1106.0
490	1518.0	1196.0	1161.0	941.0	1181.0
491	1430.0	1110.0	1106.0	991.0	1310.0
492	1465.0	1104.0	1092.0	1091.0	1342.0
493	1334.0	998.0	1062.0	1147.0	1195.0
494	1355.0	986.0	1061.0	1131.0	1037.0
495	1396.0	1036.0	1068.0	1071.0	983.0
496	1312.0	967.0	1089.0	928.0	880.0
497	1431.0	1057.0	1150.0	913.0	969.0
498	1418.0	1061.0	1172.0	837.0	923.0
499	1445.0	1078.0	1195.0	882.0	951.0
500	1495.0	1136.0	1110.0	880.0	1035.0
501	1364.0	1037.0	1007.0	864.0	1026.0
502	1332.0	979.0	1024.0	917.0	1089.0
503	1377.0	992.0	1174.0	947.0	1068.0
504	1447.0	1050.0	1450.0	988.0	933.0
505	1675.0	1231.0	1507.0	956.0	858.0
506	1699.0	1367.0	1265.0	823.0	876.0
507	1536.0	1213.0	1463.0	795.0	1092.0
508	1785.0	1355.0	1724.0	916.0	1519.0
509	1756.0	1419.0	1565.0	987.0	1349.0
510	1721.0	1406.0	1534.0	1258.0	1240.0
511	1747.0	1401.0	1334.0	1211.0	1550.0
512	1605.0	1306.0	1112.0	1125.0	1668.0
513	1440.0	1105.0	1026.0	1348.0	1583.0
514	1249.0	915.0	962.0	1363.0	1443.0
515	1279.0	920.0	1042.0	1303.0	1104.0
516	1376.0	1006.0	1058.0	1287.0	902.0
517	1332.0	996.0	1021.0	1009.0	814.0
518	1317.0	962.0	1127.0	822.0	861.0
519	1370.0	1005.0	1156.0	753.0	917.0
520	1419.0	1086.0	1151.0	807.0	884.0
521	1436.0	1087.0	1219.0	876.0	934.0
522	1458.0	1103.0	1146.0	824.0	1062.0
523	1397.0	1075.0	1039.0	834.0	1059.0
524	1344.0	1016.0	1052.0	958.0	1076.0
525	1333.0	982.0	1196.0	964.0	1111.0
526	1487.0	1086.0	1389.0	984.0	1029.0
527	1631.0	1247.0	1401.0	1025.0	944.0
528	1508.0	1199.0	1346.0	897.0	941.0
529	1632.0	1273.0	1513.0	878.0	1209.0
530	1667.0	1309.0	1365.0	887.0	1318.0
531	1625.0	1305.0	1307.0	1067.0	1342.0
532	1598.0	1233.0	1337.0	1202.0	1426.0
533	1578.0	1218.0	1206.0	1184.0	1483.0
534	1486.0	1147.0	1073.0	1207.0	1271.0
535	1358.0	1019.0	1061.0	1252.0	1207.0
536	1392.0	1017.0	1102.0	1132.0	1190.0
537	1366.0	1021.0	1010.0	1070.0	1010.0
538	1325.0	979.0	1073.0	1044.0	898.0
539	1327.0	966.0	1210.0	910.0	931.0
540	1552.0	1153.0	1308.0	884.0	962.0
541	1543.0	1195.0	1266.0	905.0	914.0
542	1477.0	1126.0	1297.0	853.0	1009.0
543	1482.0	1133.0	1295.0	794.0	1173.0
544	1522.0	1191.0	1357.0	899.0	1163.0
545	1569.0	1215.0	1535.0	1047.0	1168.0
546	1710.0	1335.0	1544.0	1033.0	1245.0
547	1663.0	1364.0	1380.0	1007.0	1240.0
548	1634.0	1309.0	1429.0	1112.0	1384.0
549	1642.0	1298.0	1340.0	1127.0	1561.0
550	1508.0	1194.0	1255.0	1157.0	1436.0
551	1582.0	1224.0	1314.0	1353.0	1382.0
552	1506.0	1169.0	1316.0	1270.0	1325.0
553	1578.0	1214.0	1329.0	1204.0	1243.0
554	1488.0	1171.0	1213.0	1134.0	1166.0
555	1458.0	1134.0	1144.0	1071.0	1188.0
556	1484.0	1150.0	1091.0	1091.0	1290.0
557	1378.0	1030.0	1141.0	1078.0	1246.0
558	1420.0	1033.0	1379.0	1110.0	1210.0
559	1565.0	1152.0	1561.0	1060.0	1013.0
560	1828.0	1431.0	1441.0	1066.0	955.0
561	1607.0	1311.0	1296.0	911.0	1042.0
562	1527.0	1189.0	1416.0	840.0	1376.0
563	1571.0	1221.0	1487.0	929.0	1491.0
564	1697.0	1355.0	1507.0	1224.0	1307.0
565	1626.0	1327.0	1328.0	1299.0	1262.0
566	1560.0	1254.0	1337.0	1140.0	1440.0
567	1520.0	1189.0	1323.0	1109.0	1493.0
568	1576.0	1229.0	1359.0	1259.0	1447.0
569	1622.0	1272.0	1295.0	1327.0	1311.0
570	1486.0	1156.0	1263.0	1231.0	1269.0
571	1505.0	1154.0	1378.0	1117.0	1275.0
572	1569.0	1205.0	1292.0	1113.0	1223.0
573	1609.0	1284.0	1108.0	1155.0	1192.0
574	1362.0	1050.0	1004.0	1087.0	1199.0
575	1348.0	987.0	1100.0	1050.0	1340.0
576	1404.0	1025.0	1289.0	1098.0	1160.0
577	1467.0	1096.0	1258.0	1162.0	889.0
578	1546.0	1204.0	1299.0	1045.0	897.0
579	1492.0	1144.0	1376.0	834.0	998.0
580	1617.0	1240.0	1724.0	846.0	1231.0
581	1784.0	1394.0	1658.0	896.0	1163.0
582	1815.0	1520.0	1557.0	1060.0	1222.0
583	1834.0	1474.0	1618.0	1106.0	1466.0
584	1695.0	1374.0	1642.0	1085.0	1751.0
585	1791.0	1424.0	1554.0	1225.0	1616.0
586	1719.0	1432.0	1325.0	1483.0	1541.0
587	1566.0	1246.0	1331.0	1390.0	1537.0
588	1536.0	1193.0	1398.0	1327.0	1651.0
589	1662.0	1282.0	1315.0	1342.0	1437.0
590	1492.0	1207.0	1033.0	1386.0	1212.0
591	1399.0	1053.0	1089.0	1250.0	1264.0
592	1347.0	991.0	1234.0	1103.0	1336.0
593	1435.0	1062.0	1285.0	1096.0	1085.0
594	1546.0	1202.0	1292.0	1181.0	922.0
595	1545.0	1191.0	1358.0	1021.0	997.0
596	1530.0	1190.0	1362.0	842.0	1186.0
597	1591.0	1236.0	1396.0	894.0	1211.0
598	1578.0	1249.0	1400.0	1040.0	1207.0
599	1654.0	1290.0	1615.0	1100.0	1288.0
600	1760.0	1380.0	1843.0	1113.0	1355.0
601	1887.0	1535.0	1754.0	1118.0	1325.0
602	1865.0	1555.0	1686.0	1166.0	1419.0
603	1915.0	1584.0	1437.0	1213.0	1716.0
604	1578.0	1307.0	1307.0	1225.0	1857.0
605	1530.0	1190.0	1214.0	1405.0	1768.0
606	1525.0	1187.0	1217.0	1576.0	1600.0
607	1408.0	1062.0	1300.0	1469.0	1228.0
608	1563.0	1189.0	1411.0	1386.0	1221.0
609	1666.0	1299.0	1409.0	1156.0	1122.0
610	1615.0	1288.0	1238.0	1100.0	1154.0
611	1473.0	1149.0	1274.0	988.0	1315.0
612	1538.0	1168.0	1346.0	1036.0	1416.0
613	1609.0	1239.0	1441.0	1179.0	1304.0
614	1636.0	1251.0	1616.0	1211.0	1152.0
615	1819.0	1413.0	1801.0	1149.0	1239.0
616	1890.0	1521.0	1791.0	1025.0	1252.0
617	1914.0	1589.0	1830.0	1088.0	1398.0
618	1880.0	1540.0	1850.0	1086.0	1595.0
619	1933.0	1609.0	1853.0	1195.0	1783.0
620	1976.0	1647.0	1719.0	1402.0	1802.0
621	1951.0	1625.0	1520.0	1577.0	1931.0
622	1660.0	1367.0	1229.0	1507.0	1888.0
623	1482.0	1176.0	1158.0	1568.0	1834.0
624	1547.0	1166.0	1378.0	1666.0	1662.0
625	1575.0	1185.0	1473.0	1613.0	1338.0
626	1669.0	1277.0	1556.0	1418.0	1112.0
627	1736.0	1381.0	1377.0	1173.0	1088.0
628	1626.0	1313.0	1307.0	1011.0	1277.0
629	1564.0	1224.0	1272.0	993.0	1458.0
630	1483.0	1139.0	1428.0	1100.0	1448.0
631	1621.0	1230.0	1617.0	1239.0	1257.0
632	1845.0	1456.0	1806.0	1318.0	1220.0
633	1861.0	1506.0	1784.0	1124.0	1184.0
634	1865.0	1545.0	1797.0	1046.0	1432.0
635	1846.0	1541.0	1790.0	1024.0	1609.0
636	2011.0	1641.0	2003.0	1312.0	1848.0
637	2020.0	1685.0	1630.0	1415.0	1854.0
638	1767.0	1515.0	1419.0	1503.0	1843.0
639	1676.0	1333.0	1380.0	1554.0	1916.0
640	1607.0	1277.0	1376.0	1575.0	1919.0
641	1591.0	1231.0	1472.0	1605.0	1496.0
642	1634.0	1285.0	1326.0	1612.0	1322.0
643	1574.0	1256.0	1374.0	1306.0	1252.0
644	1618.0	1250.0	1397.0	1201.0	1333.0
645	1674.0	1314.0	1470.0	1158.0	1413.0
646	1660.0	1280.0	1505.0	1176.0	1255.0
647	1663.0	1324.0	1481.0	1206.0	1304.0
648	1737.0	1373.0	1675.0	1142.0	1324.0
649	1765.0	1389.0	1936.0	1157.0	1386.0
650	2066.0	1661.0	2074.0	1175.0	1443.0
651	2133.0	1774.0	2120.0	1237.0	1475.0
652	2221.0	1881.0	2134.0	1298.0	1753.0
653	2139.0	1814.0	1947.0	1288.0	2032.0
654	2820.0	2290.0	2204.0	1855.0	2517.0
655	1759.0	1498.0	1576.0	1673.0	2091.0
656	1840.0	1473.0	1589.0	1806.0	2131.0
657	1741.0	1418.0	1506.0	1798.0	1850.0
658	1739.0	1364.0	1756.0	1805.0	1610.0
659	1919.0	1503.0	1712.0	1623.0	1575.0
660	1976.0	1624.0	1718.0	1450.0	1514.0
661	1833.0	1469.0	1811.0	1371.0	1504.0
662	1951.0	1562.0	1853.0	1288.0	1730.0
663	1980.0	1620.0	2029.0	1298.0	1605.0
664	2120.0	1716.0	2381.0	1507.0	1649.0
665	2339.0	1938.0	2641.0	1398.0	1786.0
666	2601.0	2198.0	2779.0	1414.0	1852.0
667	2746.0	2400.0	2624.0	1558.0	2147.0
668	2665.0	2364.0	2594.0	1646.0	2567.0
669	2537.0	2191.0	2547.0	1821.0	2860.0
670	2511.0	2201.0	2034.0	2092.0	2866.0
671	2215.0	1972.0	1720.0	2386.0	2680.0
672	1903.0	1595.0	1534.0	2422.0	2644.0
673	1739.0	1414.0	1167.0	2226.0	2476.0
674	1515.0	1211.0	997.0	2216.0	1903.0
675	1367.0	1017.0	960.0	2156.0	1604.0
676	1225.0	888.0	893.0	1659.0	1319.0
677	1310.0	935.0	962.0	1427.0	1000.0
678	1259.0	897.0	950.0	1213.0	802.0
679	1250.0	890.0	994.0	901.0	742.0
680	1289.0	931.0	1156.0	763.0	742.0
681	1402.0	1020.0	1400.0	722.0	752.0
682	1591.0	1206.0	1472.0	709.0	788.0
683	1717.0	1346.0	1656.0	749.0	917.0
684	1760.0	1405.0	1611.0	754.0	1122.0
685	1754.0	1431.0	1578.0	822.0	1372.0
686	1744.0	1426.0	1284.0	986.0	1461.0
687	1624.0	1323.0	1071.0	1237.0	1643.0
688	1384.0	1065.0	953.0	1297.0	1619.0
689	1360.0	979.0	966.0	1441.0	1545.0
690	1230.0	876.0	897.0	1377.0	1109.0
691	1350.0	955.0	975.0	1375.0	891.0
692	1244.0	890.0	898.0	1036.0	761.0
693	1287.0	914.0	939.0	833.0	773.0
694	1254.0	883.0	943.0	732.0	757.0
695	1226.0	868.0	1002.0	692.0	716.0
696	1435.0	1027.0	1310.0	783.0	788.0
697	1496.0	1093.0	1364.0	727.0	756.0
698	1572.0	1218.0	1445.0	710.0	802.0
699	1632.0	1258.0	1519.0	716.0	938.0
700	1694.0	1361.0	1519.0	763.0	1202.0
701	1700.0	1352.0	1436.0	862.0	1288.0
702	1676.0	1358.0	1173.0	1071.0	1455.0
703	1494.0	1183.0	995.0	1153.0	1504.0
704	1279.0	958.0	894.0	1241.0	1481.0
705	1232.0	883.0	879.0	1279.0	1296.0
706	1194.0	844.0	854.0	1263.0	947.0
707	1249.0	878.0	895.0	1170.0	787.0
708	1275.0	902.0	929.0	935.0	752.0
709	1228.0	868.0	929.0	751.0	710.0
710	1228.0	867.0	1005.0	685.0	687.0
711	1323.0	941.0	1250.0	687.0	704.0
712	1536.0	1111.0	1477.0	716.0	749.0
713	1669.0	1296.0	1522.0	696.0	788.0
714	1721.0	1343.0	1699.0	709.0	936.0
715	1834.0	1469.0	1696.0	743.0	1231.0
716	1856.0	1510.0	1685.0	865.0	1404.0
717	1834.0	1516.0	1344.0	1088.0	1526.0
718	1566.0	1299.0	1017.0	1202.0	1649.0
719	1349.0	1047.0	910.0	1301.0	1679.0
720	1239.0	905.0	873.0	1430.0	1564.0
721	1250.0	886.0	893.0	1462.0	1166.0
722	1216.0	857.0	878.0	1375.0	841.0
723	1273.0	893.0	932.0	1082.0	755.0
724	1229.0	873.0	957.0	812.0	706.0
725	1287.0	913.0	1075.0	721.0	710.0
726	1401.0	1007.0	1310.0	710.0	737.0
727	1491.0	1101.0	1345.0	677.0	736.0
728	1576.0	1239.0	1446.0	701.0	835.0
729	1668.0	1283.0	1587.0	741.0	1008.0
730	1683.0	1352.0	1537.0	757.0	1228.0
731	1679.0	1347.0	1512.0	865.0	1259.0
732	1710.0	1396.0	1258.0	1090.0	1441.0
733	1514.0	1237.0	1018.0	1130.0	1526.0
734	1347.0	1027.0	957.0	1246.0	1558.0
735	1386.0	995.0	1067.0	1369.0	1492.0
736	1340.0	956.0	1119.0	1349.0	1102.0
737	1472.0	1059.0	1068.0	1297.0	865.0
738	1367.0	1024.0	968.0	996.0	785.0
739	1324.0	960.0	1059.0	810.0	871.0
740	1358.0	977.0	1320.0	766.0	966.0
741	1510.0	1092.0	1676.0	796.0	846.0
742	1957.0	1485.0	1824.0	938.0	875.0
743	1919.0	1562.0	1789.0	808.0	943.0
744	1989.0	1614.0	1794.0	812.0	1335.0
745	1879.0	1559.0	1768.0	859.0	1675.0
746	1921.0	1567.0	1596.0	1134.0	1725.0
747	1788.0	1504.0	1222.0	1445.0	1789.0
748	1530.0	1249.0	1008.0	1503.0	1758.0
749	1330.0	1005.0	920.0	1544.0	1771.0
750	1243.0	895.0	883.0	1494.0	1454.0
751	1253.0	886.0	905.0	1530.0	1050.0
752	1285.0	909.0	956.0	1335.0	843.0
753	1274.0	902.0	1004.0	985.0	749.0
754	1433.0	1013.0	1251.0	845.0	785.0
755	1418.0	1014.0	1341.0	710.0	724.0
756	1568.0	1200.0	1340.0	703.0	771.0
757	1559.0	1217.0	1532.0	705.0	870.0
758	1666.0	1288.0	1565.0	714.0	1092.0
759	1731.0	1402.0	1612.0	794.0	1255.0
760	1800.0	1439.0	1574.0	1002.0	1310.0
761	1770.0	1454.0	1267.0	1143.0	1554.0
762	1482.0	1211.0	984.0	1116.0	1544.0
763	1341.0	1018.0	920.0	1321.0	1617.0
764	1312.0	950.0	934.0	1382.0	1478.0
765	1232.0	876.0	897.0	1386.0	1071.0
766	1207.0	850.0	918.0	1263.0	809.0
767	1322.0	928.0	1085.0	1020.0	760.0
768	1378.0	985.0	1336.0	816.0	739.0
769	1608.0	1165.0	1531.0	754.0	768.0
770	1702.0	1329.0	1509.0	696.0	793.0
771	1762.0	1366.0	1779.0	728.0	970.0
772	1931.0	1519.0	1797.0	778.0	1291.0
773	1914.0	1577.0	1822.0	868.0	1392.0
774	1964.0	1594.0	1694.0	1120.0	1499.0
775	1864.0	1568.0	1306.0	1234.0	1758.0
776	1597.0	1325.0	1040.0	1304.0	1782.0
777	1345.0	1034.0	918.0	1507.0	1817.0
778	1221.0	887.0	873.0	1493.0	1550.0
779	1268.0	898.0	942.0	1570.0	1136.0
780	1268.0	902.0	1012.0	1410.0	853.0
781	1310.0	935.0	1177.0	1052.0	747.0
782	1449.0	1045.0	1363.0	819.0	744.0
783	1573.0	1198.0	1302.0	713.0	767.0
784	1564.0	1221.0	1500.0	720.0	892.0
785	1654.0	1262.0	1628.0	735.0	1111.0
786	1788.0	1439.0	1642.0	815.0	1264.0
787	1751.0	1414.0	1651.0	968.0	1212.0
788	1811.0	1484.0	1429.0	1128.0	1499.0
789	1685.0	1399.0	1132.0	1109.0	1625.0
790	1419.0	1122.0	956.0	1283.0	1646.0
791	2392.0	1700.0	1662.0	1949.0	2185.0
792	1233.0	900.0	933.0	1410.0	1284.0
793	1296.0	917.0	1038.0	1433.0	952.0
794	1341.0	954.0	1227.0	1178.0	785.0
795	1495.0	1072.0	1441.0	894.0	747.0
796	1674.0	1284.0	1389.0	767.0	789.0
797	1620.0	1278.0	1574.0	723.0	902.0
798	1708.0	1301.0	1775.0	723.0	1146.0
799	1902.0	1533.0	1797.0	812.0	1318.0
800	1938.0	1592.0	1877.0	1032.0	1291.0
801	2005.0	1649.0	1639.0	1198.0	1590.0
802	1810.0	1541.0	1208.0	1130.0	1782.0
803	1533.0	1251.0	1012.0	1359.0	1835.0
804	1318.0	999.0	934.0	1538.0	1851.0
805	1257.0	908.0	951.0	1550.0	1486.0
806	1385.0	983.0	1144.0	1640.0	1084.0
807	1361.0	973.0	1289.0	1336.0	814.0
808	1527.0	1129.0	1314.0	979.0	771.0
809	1583.0	1238.0	1321.0	800.0	832.0
810	1520.0	1160.0	1564.0	727.0	971.0
811	1765.0	1348.0	1689.0	785.0	1240.0
812	1816.0	1482.0	1694.0	894.0	1200.0
813	1836.0	1483.0	1728.0	1093.0	1271.0
814	1859.0	1519.0	1443.0	1077.0	1585.0
815	1638.0	1371.0	1084.0	1080.0	1616.0
816	1443.0	1145.0	990.0	1376.0	1714.0
817	1542.0	1122.0	1124.0	1547.0	1798.0
818	1269.0	907.0	1051.0	1442.0	1291.0
819	1443.0	1021.0	1355.0	1491.0	973.0
820	1607.0	1172.0	1440.0	1224.0	839.0
821	1648.0	1290.0	1329.0	893.0	816.0
822	1542.0	1199.0	1561.0	753.0	943.0
823	1744.0	1314.0	1826.0	764.0	1234.0
824	1951.0	1580.0	1833.0	875.0	1270.0
825	1988.0	1634.0	1923.0	1111.0	1260.0
826	1979.0	1629.0	1708.0	1127.0	1587.0
827	1963.0	1657.0	1327.0	1123.0	1855.0
828	1580.0	1319.0	1050.0	1372.0	1852.0
829	1357.0	1036.0	994.0	1569.0	1892.0
830	1325.0	959.0	1106.0	1576.0	1620.0
831	1400.0	1005.0	1322.0	1633.0	1116.0
832	1561.0	1161.0	1295.0	1454.0	881.0
833	1545.0	1213.0	1256.0	1041.0	854.0
834	1476.0	1120.0	1521.0	812.0	991.0
835	1705.0	1280.0	1707.0	796.0	1228.0
836	1858.0	1512.0	1695.0	917.0	1156.0
837	1811.0	1476.0	1767.0	1087.0	1181.0
838	1898.0	1531.0	1708.0	1044.0	1565.0
839	1871.0	1557.0	1383.0	1040.0	1684.0
840	1694.0	1391.0	1172.0	1355.0	1714.0
841	1481.0	1149.0	1126.0	1469.0	1794.0
842	1391.0	1026.0	1273.0	1433.0	1616.0
843	1530.0	1113.0	1386.0	1517.0	1230.0
844	1683.0	1310.0	1298.0	1467.0	1009.0
845	1641.0	1271.0	1490.0	1192.0	1041.0
846	1613.0	1205.0	1805.0	911.0	1209.0
847	1913.0	1484.0	1836.0	890.0	1251.0
848	2022.0	1673.0	1890.0	1097.0	1178.0
849	2008.0	1646.0	1935.0	1163.0	1428.0
850	2043.0	1680.0	1597.0	1044.0	1834.0
851	1843.0	1578.0	1225.0	1222.0	1845.0
852	1497.0	1208.0	1130.0	1562.0	1869.0
853	1441.0	1075.0	1285.0	1591.0	1892.0
854	1527.0	1124.0	1310.0	1598.0	1437.0
855	1595.0	1234.0	1204.0	1635.0	1053.0
856	1499.0	1151.0	1355.0	1331.0	1027.0
857	1558.0	1155.0	1693.0	983.0	1197.0
858	1824.0	1400.0	1712.0	921.0	1166.0
859	1853.0	1524.0	1686.0	1044.0	1063.0
860	1920.0	1552.0	1826.0	1112.0	1355.0
861	1916.0	1548.0	1616.0	986.0	1719.0
862	1836.0	1545.0	1283.0	1144.0	1703.0
863	1498.0	1209.0	1193.0	1429.0	1663.0
864	1788.0	1326.0	1572.0	1616.0	1918.0
865	1633.0	1234.0	1291.0	1469.0	1493.0
866	1525.0	1206.0	1194.0	1495.0	1102.0
867	1521.0	1139.0	1510.0	1345.0	1133.0
868	1705.0	1262.0	1904.0	1052.0	1286.0
869	2018.0	1589.0	1874.0	1024.0	1134.0
870	1970.0	1643.0	1827.0	1119.0	1108.0
871	1957.0	1609.0	1917.0	1024.0	1493.0
872	2088.0	1704.0	1696.0	1030.0	1915.0
873	1858.0	1599.0	1360.0	1267.0	1825.0
874	1778.0	1407.0	1498.0	1688.0	1912.0
875	1609.0	1240.0	1269.0	1567.0	1899.0
876	1543.0	1226.0	1194.0	1568.0	1526.0
877	1515.0	1145.0	1385.0	1661.0	1280.0
878	1613.0	1197.0	1749.0	1398.0	1313.0
879	1830.0	1414.0	1731.0	1119.0	1121.0
880	1903.0	1575.0	1697.0	1163.0	1096.0
881	1880.0	1528.0	1773.0	1065.0	1356.0
882	1844.0	1476.0	1736.0	961.0	1721.0
883	1923.0	1596.0	1502.0	1146.0	1706.0
884	1772.0	1453.0	1486.0	1507.0	1683.0
885	1762.0	1383.0	1297.0	1519.0	1785.0
886	1552.0	1232.0	1175.0	1437.0	1689.0
887	1447.0	1081.0	1399.0	1489.0	1398.0
888	1613.0	1187.0	1862.0	1496.0	1344.0
889	2048.0	1580.0	1942.0	1295.0	1127.0
890	2021.0	1684.0	1818.0	1203.0	1057.0
891	1996.0	1639.0	1926.0	1022.0	1410.0
892	2011.0	1619.0	1966.0	956.0	1883.0
893	2099.0	1762.0	1663.0	1186.0	1849.0
894	1855.0	1573.0	1342.0	1589.0	1781.0
895	1700.0	1384.0	1193.0	1639.0	1967.0
896	1472.0	1131.0	1257.0	1570.0	1930.0
897	1501.0	1103.0	1624.0	1644.0	1565.0
898	1787.0	1329.0	1818.0	1685.0	1197.0
899	1961.0	1598.0	1722.0	1401.0	1009.0
900	1863.0	1540.0	1701.0	1110.0	1171.0
901	1871.0	1512.0	1959.0	939.0	1648.0
902	2069.0	1638.0	1912.0	1038.0	1784.0
903	2035.0	1728.0	1441.0	1364.0	1664.0
904	1692.0	1439.0	1176.0	1528.0	1679.0
905	1588.0	1225.0	1318.0	1508.0	2035.0
906	1503.0	1108.0	1648.0	1438.0	1792.0
907	1801.0	1327.0	1938.0	1671.0	1282.0
908	2116.0	1719.0	1896.0	1630.0	1071.0
909	2044.0	1695.0	1862.0	1214.0	1191.0
910	1990.0	1633.0	2113.0	972.0	1677.0
911	2199.0	1746.0	1980.0	1040.0	1914.0
912	2166.0	1894.0	1424.0	1430.0	1844.0
913	1666.0	1418.0	1209.0	1651.0	1818.0
914	1523.0	1171.0	1363.0	1591.0	2169.0
915	1538.0	1137.0	1712.0	1540.0	1819.0
916	1935.0	1477.0	1850.0	1858.0	1277.0
917	2009.0	1648.0	1811.0	1699.0	1115.0
918	1961.0	1595.0	1872.0	1170.0	1326.0
919	1962.0	1572.0	2027.0	983.0	1743.0
920	2259.0	1842.0	1737.0	1191.0	1829.0
921	1860.0	1623.0	1300.0	1478.0	1734.0
922	1627.0	1300.0	1380.0	1551.0	1881.0
923	1573.0	1180.0	1723.0	1492.0	1987.0
924	1883.0	1422.0	1952.0	1583.0	1511.0
925	2082.0	1700.0	1961.0	1736.0	1173.0
926	2107.0	1732.0	1974.0	1393.0	1296.0
927	2058.0	1708.0	1943.0	1053.0	1733.0
928	2168.0	1789.0	1796.0	1168.0	1968.0
929	1995.0	1682.0	1469.0	1506.0	1971.0
930	1691.0	1382.0	1458.0	1658.0	1940.0
931	1685.0	1283.0	1777.0	1673.0	1924.0
932	2076.0	1596.0	2001.0	1765.0	1718.0
933	2027.0	1656.0	1947.0	1679.0	1319.0
934	2107.0	1724.0	1822.0	1486.0	1439.0
935	1931.0	1617.0	1716.0	1169.0	1741.0
936	1920.0	1563.0	1636.0	1233.0	1873.0
937	1849.0	1505.0	1560.0	1512.0	1918.0
938	1791.0	1425.0	1811.0	1620.0	1755.0
939	1940.0	1498.0	2022.0	1654.0	1688.0
940	2146.0	1746.0	2093.0	1536.0	1553.0
941	2215.0	1838.0	1835.0	1487.0	1498.0
942	2002.0	1714.0	1732.0	1367.0	1791.0
943	1899.0	1521.0	1695.0	1283.0	1985.0
944	1924.0	1565.0	1742.0	1529.0	2053.0
945	1942.0	1545.0	1927.0	1736.0	1744.0
946	2079.0	1658.0	2046.0	1797.0	1703.0
947	2132.0	1749.0	1942.0	1536.0	1642.0
948	2112.0	1782.0	1660.0	1483.0	1719.0
949	1921.0	1607.0	1665.0	1479.0	1942.0
950	1811.0	1429.0	1684.0	1470.0	2012.0
951	1913.0	1525.0	1937.0	1650.0	1908.0
952	2951.0	2212.0	2720.0	2201.0	2025.0
953	2141.0	1796.0	1907.0	1639.0	1557.0
954	2136.0	1792.0	1789.0	1396.0	1645.0
955	1932.0	1624.0	1589.0	1344.0	1895.0
956	1862.0	1495.0	1820.0	1441.0	2083.0
957	1957.0	1541.0	1934.0	1614.0	1888.0
958	2096.0	1675.0	2105.0	1800.0	1687.0
959	2179.0	1798.0	1875.0	1644.0	1535.0
960	2089.0	1760.0	1751.0	1508.0	1777.0
961	2004.0	1658.0	1658.0	1389.0	1979.0
962	1840.0	1474.0	1903.0	1531.0	2066.0
963	2019.0	1570.0	2076.0	1649.0	1838.0
964	2177.0	1788.0	1962.0	1779.0	1645.0
965	2095.0	1762.0	1900.0	1603.0	1550.0
966	2077.0	1707.0	1773.0	1460.0	1889.0
967	1944.0	1615.0	1811.0	1326.0	2011.0
968	1962.0	1545.0	2068.0	1567.0	1873.0
969	2191.0	1786.0	1837.0	1737.0	1832.0
970	2014.0	1723.0	1820.0	1650.0	1684.0
971	1987.0	1594.0	1838.0	1609.0	1839.0
972	2027.0	1672.0	1846.0	1511.0	2101.0
973	2020.0	1626.0	2111.0	1588.0	1808.0
974	2239.0	1808.0	1908.0	1832.0	1834.0
975	2030.0	1734.0	1852.0	1569.0	1772.0
976	2033.0	1636.0	1912.0	1567.0	1829.0
977	2034.0	1671.0	1957.0	1549.0	2037.0
978	2099.0	1693.0	2012.0	1552.0	1790.0
979	2155.0	1798.0	1848.0	1767.0	1822.0
980	2005.0	1672.0	1888.0	1593.0	1855.0
981	2052.0	1671.0	1942.0	1585.0	1990.0
982	2103.0	1711.0	1977.0	1624.0	1979.0
983	2081.0	1714.0	1957.0	1672.0	1790.0
984	2145.0	1757.0	2133.0	1748.0	1881.0
985	2227.0	1825.0	2042.0	1585.0	1913.0
986	2138.0	1796.0	2181.0	1586.0	1905.0
987	2259.0	1833.0	2383.0	1624.0	1944.0
988	2466.0	2062.0	2280.0	1669.0	2089.0
989	2367.0	2048.0	2300.0	1671.0	1986.0
990	2376.0	1956.0	2590.0	1792.0	2222.0
991	2649.0	2229.0	2350.0	1744.0	2435.0
992	2405.0	2116.0	2559.0	1878.0	2251.0
993	2551.0	2094.0	2860.0	2069.0	2378.0
994	2872.0	2437.0	3041.0	1989.0	2645.0
995	2921.0	2505.0	3481.0	1987.0	2323.0
996	3367.0	2855.0	3590.0	2276.0	2695.0
997	3472.0	3112.0	3167.0	2039.0	2966.0
998	3116.0	2806.0	3093.0	2229.0	3155.0
999	3030.0	2640.0	2912.0	2481.0	3696.0
1000	2976.0	2635.0	2537.0	2650.0	3677.0
1001	2626.0	2327.0	2327.0	3065.0	3211.0
1002	2441.0	2078.0	1934.0	3111.0	3150.0
1003	2214.0	1930.0	1421.0	2759.0	2944.0
1004	1713.0	1447.0	1131.0	2680.0	2462.0
1005	1450.0	1117.0	998.0	2516.0	2250.0
1006	1339.0	985.0	947.0	2154.0	1779.0
1007	1300.0	930.0	931.0	1979.0	1198.0
1008	1318.0	941.0	953.0	1668.0	955.0
1009	1312.0	932.0	945.0	1163.0	835.0
1010	1337.0	946.0	960.0	933.0	805.0
1011	1325.0	935.0	946.0	817.0	782.0
1012	1343.0	955.0	964.0	797.0	797.0
1013	1293.0	915.0	925.0	754.0	764.0
1014	1295.0	913.0	923.0	748.0	760.0
1015	1254.0	883.0	893.0	722.0	734.0
1016	1254.0	886.0	900.0	729.0	736.0
1017	1310.0	922.0	935.0	749.0	757.0
1018	1290.0	907.0	919.0	732.0	738.0
1019	1244.0	873.0	882.0	703.0	710.0
1020	1330.0	937.0	945.0	752.0	765.0
1021	1250.0	881.0	885.0	708.0	723.0
1022	1291.0	903.0	910.0	727.0	738.0
1023	1236.0	866.0	874.0	698.0	709.0
1024	1284.0	899.0	910.0	726.0	731.0
