/* Tiempo de exposicion:	15	12	9	9	6
/* Numero de Scans	1	1	1	1	1
/* Scans Ignorados	0	0	0	0	0
/* Modo de Adquiquisicion	1 	1 	1 	1 	1 
/* Temperatura del detector	0 	0 	0 	0 	0 
/*Red	2	2	2	2	2
/*Posicion del Contador	485	485	485	485	485
/*Archivo:	barridoP_0001.OMAIII	barridoP_0011.OMAIII	barridoP_0021.OMAIII	barridoP_0031.OMAIII	barridoP_0041.OMAIII
1	61.0	60.0	60.0	60.0	60.0
2	888.0	577.0	629.0	604.0	434.0
3	1076.0	764.0	792.0	763.0	597.0
4	1194.0	907.0	883.0	794.0	678.0
5	1184.0	952.0	833.0	702.0	581.0
6	1082.0	985.0	695.0	645.0	473.0
7	1037.0	1045.0	657.0	677.0	468.0
8	1012.0	1066.0	658.0	711.0	483.0
9	1061.0	1143.0	694.0	792.0	519.0
10	1036.0	1067.0	681.0	841.0	521.0
11	1086.0	1053.0	728.0	988.0	580.0
12	1175.0	952.0	815.0	1101.0	692.0
13	1240.0	833.0	885.0	1092.0	751.0
14	1319.0	825.0	911.0	1186.0	737.0
15	1371.0	897.0	977.0	1144.0	851.0
16	1468.0	960.0	1051.0	1125.0	833.0
17	1464.0	1081.0	1031.0	946.0	829.0
18	1319.0	1090.0	909.0	695.0	634.0
19	1504.0	1529.0	951.0	888.0	639.0
20	1039.0	1277.0	670.0	730.0	492.0
21	1100.0	1438.0	719.0	837.0	541.0
22	1083.0	1406.0	724.0	908.0	565.0
23	1072.0	1299.0	745.0	1023.0	616.0
24	1178.0	1228.0	863.0	1163.0	753.0
25	1385.0	1071.0	1061.0	1209.0	968.0
26	1522.0	1009.0	1263.0	1413.0	1054.0
27	1401.0	951.0	1204.0	1303.0	1056.0
28	1456.0	944.0	1281.0	1225.0	1137.0
29	1606.0	1150.0	1375.0	1170.0	1102.0
30	1458.0	1155.0	1226.0	847.0	987.0
31	1313.0	1256.0	1065.0	745.0	723.0
32	1145.0	1290.0	826.0	798.0	559.0
33	1045.0	1292.0	695.0	854.0	523.0
34	1099.0	1425.0	722.0	994.0	562.0
35	1121.0	1306.0	746.0	1168.0	612.0
36	1254.0	1321.0	852.0	1344.0	734.0
37	1396.0	1132.0	960.0	1318.0	874.0
38	1459.0	907.0	1064.0	1493.0	935.0
39	1447.0	923.0	1103.0	1495.0	932.0
40	1575.0	965.0	1138.0	1402.0	1073.0
41	1619.0	1073.0	1258.0	1256.0	1042.0
42	1511.0	1160.0	1138.0	894.0	964.0
43	1413.0	1334.0	1096.0	762.0	827.0
44	1179.0	1370.0	909.0	810.0	617.0
45	1114.0	1438.0	766.0	922.0	563.0
46	1106.0	1578.0	735.0	1033.0	579.0
47	1182.0	1504.0	797.0	1228.0	658.0
48	1223.0	1423.0	856.0	1195.0	751.0
49	1408.0	1256.0	1004.0	1301.0	930.0
50	1413.0	1004.0	1177.0	1472.0	1038.0
51	1630.0	1127.0	1328.0	1487.0	1095.0
52	1557.0	1006.0	1240.0	1322.0	1184.0
53	1463.0	1065.0	1377.0	1129.0	1171.0
54	1482.0	1221.0	1310.0	883.0	1099.0
55	1370.0	1329.0	1247.0	831.0	968.0
56	1164.0	1276.0	1039.0	905.0	698.0
57	1095.0	1383.0	784.0	1026.0	566.0
58	1145.0	1454.0	741.0	1224.0	591.0
59	1268.0	1380.0	805.0	1309.0	671.0
60	1493.0	1423.0	944.0	1364.0	822.0
61	1482.0	1157.0	1011.0	1560.0	929.0
62	1413.0	953.0	1101.0	1538.0	914.0
63	1602.0	987.0	1082.0	1440.0	970.0
64	1666.0	1091.0	1222.0	1372.0	1145.0
65	1545.0	1192.0	1274.0	1022.0	1049.0
66	1491.0	1345.0	1164.0	822.0	990.0
67	1274.0	1328.0	1134.0	879.0	868.0
68	1128.0	1411.0	960.0	1021.0	657.0
69	1150.0	1616.0	785.0	1193.0	599.0
70	1225.0	1520.0	783.0	1181.0	647.0
71	1355.0	1476.0	870.0	1230.0	761.0
72	1376.0	1353.0	1001.0	1485.0	927.0
73	1374.0	1064.0	1166.0	1475.0	1003.0
74	1547.0	990.0	1154.0	1394.0	983.0
75	1564.0	1053.0	1213.0	1380.0	1180.0
76	1503.0	1173.0	1416.0	1159.0	1228.0
77	1495.0	1284.0	1325.0	948.0	1114.0
78	1409.0	1272.0	1294.0	994.0	1064.0
79	1239.0	1355.0	1159.0	1143.0	805.0
80	1224.0	1543.0	883.0	1292.0	628.0
81	1320.0	1453.0	793.0	1220.0	650.0
82	1462.0	1447.0	863.0	1398.0	750.0
83	1424.0	1424.0	990.0	1668.0	903.0
84	1511.0	1212.0	1122.0	1555.0	934.0
85	1683.0	1073.0	1062.0	1460.0	927.0
86	1609.0	1118.0	1140.0	1362.0	1113.0
87	1621.0	1331.0	1368.0	1056.0	1177.0
88	1537.0	1347.0	1268.0	938.0	1076.0
89	1315.0	1330.0	1253.0	1078.0	1077.0
90	1178.0	1502.0	1195.0	1184.0	902.0
91	1245.0	1633.0	979.0	1109.0	715.0
92	1394.0	1547.0	900.0	1265.0	732.0
93	1331.0	1511.0	943.0	1520.0	844.0
94	1442.0	1421.0	1119.0	1498.0	996.0
95	1600.0	1111.0	1169.0	1398.0	946.0
96	1562.0	1085.0	1120.0	1377.0	1040.0
97	1532.0	1244.0	1327.0	1184.0	1282.0
98	1495.0	1255.0	1443.0	987.0	1200.0
99	1413.0	1245.0	1348.0	1141.0	1140.0
100	1335.0	1455.0	1360.0	1289.0	1127.0
101	1316.0	1561.0	1180.0	1166.0	814.0
102	1510.0	1530.0	953.0	1408.0	727.0
103	1342.0	1411.0	883.0	1653.0	775.0
104	1460.0	1420.0	1019.0	1604.0	911.0
105	1684.0	1176.0	1074.0	1496.0	864.0
106	1652.0	1102.0	1009.0	1477.0	917.0
107	1626.0	1293.0	1188.0	1269.0	1160.0
108	1576.0	1277.0	1348.0	1064.0	1152.0
109	1454.0	1267.0	1259.0	1179.0	1064.0
110	1236.0	1435.0	1187.0	1089.0	1033.0
111	1358.0	1693.0	1211.0	1195.0	916.0
112	1348.0	1593.0	1008.0	1454.0	752.0
113	1379.0	1546.0	948.0	1593.0	833.0
114	1510.0	1527.0	1058.0	1431.0	927.0
115	1619.0	1235.0	1080.0	1387.0	867.0
116	1529.0	1198.0	1071.0	1436.0	1000.0
117	1531.0	1291.0	1278.0	1203.0	1269.0
118	1526.0	1186.0	1460.0	1169.0	1245.0
119	1403.0	1302.0	1361.0	1110.0	1142.0
120	1598.0	1704.0	1445.0	1320.0	1236.0
121	1335.0	1553.0	1326.0	1478.0	1017.0
122	1321.0	1432.0	1050.0	1705.0	792.0
123	1548.0	1470.0	1011.0	1578.0	894.0
124	1734.0	1422.0	1061.0	1488.0	853.0
125	1675.0	1266.0	1030.0	1589.0	903.0
126	1574.0	1258.0	1093.0	1326.0	1057.0
127	1711.0	1248.0	1357.0	1162.0	1255.0
128	1525.0	1323.0	1364.0	1051.0	1122.0
129	1342.0	1588.0	1257.0	1201.0	1077.0
130	1239.0	1692.0	1239.0	1480.0	1099.0
131	1385.0	1613.0	1270.0	1620.0	947.0
132	1543.0	1549.0	1063.0	1470.0	897.0
133	1654.0	1591.0	1080.0	1453.0	861.0
134	1539.0	1327.0	994.0	1564.0	859.0
135	1523.0	1174.0	1094.0	1325.0	1070.0
136	1648.0	1163.0	1364.0	1082.0	1331.0
137	1651.0	1424.0	1577.0	1240.0	1294.0
138	1363.0	1626.0	1406.0	1476.0	1179.0
139	1321.0	1565.0	1331.0	1738.0	1203.0
140	1545.0	1518.0	1412.0	1646.0	1099.0
141	1864.0	1599.0	1223.0	1604.0	924.0
142	2079.0	1900.0	1221.0	1875.0	935.0
143	1595.0	1302.0	944.0	1473.0	859.0
144	1757.0	1229.0	1158.0	1126.0	1129.0
145	1685.0	1314.0	1379.0	1155.0	1267.0
146	1295.0	1549.0	1361.0	1380.0	1128.0
147	1307.0	1747.0	1292.0	1639.0	1109.0
148	1449.0	1601.0	1297.0	1532.0	1208.0
149	1678.0	1576.0	1395.0	1502.0	1087.0
150	1661.0	1735.0	1171.0	1623.0	845.0
151	1566.0	1416.0	964.0	1424.0	833.0
152	1679.0	1183.0	1097.0	1178.0	1059.0
153	1611.0	1270.0	1340.0	1292.0	1324.0
154	1524.0	1633.0	1622.0	1701.0	1338.0
155	1381.0	1622.0	1395.0	1707.0	1186.0
156	1614.0	1535.0	1354.0	1631.0	1232.0
157	1795.0	1557.0	1488.0	1599.0	1238.0
158	1668.0	1608.0	1238.0	1507.0	837.0
159	1688.0	1426.0	985.0	1342.0	832.0
160	1617.0	1227.0	1039.0	1242.0	1001.0
161	1494.0	1392.0	1263.0	1471.0	1234.0
162	1383.0	1664.0	1411.0	1619.0	1187.0
163	1532.0	1702.0	1343.0	1598.0	1148.0
164	1715.0	1671.0	1342.0	1525.0	1217.0
165	1738.0	1663.0	1463.0	1495.0	1195.0
166	1667.0	1585.0	1262.0	1459.0	916.0
167	1567.0	1360.0	1051.0	1428.0	926.0
168	1585.0	1368.0	1195.0	1649.0	1177.0
169	1523.0	1558.0	1440.0	1719.0	1333.0
170	1726.0	1696.0	1533.0	1704.0	1293.0
171	1796.0	1641.0	1449.0	1447.0	1231.0
172	1754.0	1520.0	1400.0	1507.0	1198.0
173	1584.0	1511.0	1347.0	1511.0	1063.0
174	1589.0	1470.0	1165.0	1588.0	939.0
175	1605.0	1493.0	1135.0	1654.0	1074.0
176	1705.0	1739.0	1374.0	1642.0	1280.0
177	1700.0	1723.0	1426.0	1395.0	1231.0
178	1648.0	1609.0	1377.0	1377.0	1163.0
179	1583.0	1501.0	1332.0	1540.0	1113.0
180	1503.0	1550.0	1288.0	1656.0	1101.0
181	1592.0	1535.0	1259.0	1701.0	1070.0
182	1837.0	1747.0	1359.0	1633.0	1247.0
183	1785.0	1677.0	1455.0	1433.0	1323.0
184	1724.0	1656.0	1552.0	1517.0	1330.0
185	1563.0	1422.0	1442.0	1616.0	1130.0
186	1567.0	1493.0	1273.0	1708.0	1119.0
187	1684.0	1571.0	1332.0	1596.0	1146.0
188	1727.0	1705.0	1327.0	1478.0	1192.0
189	1710.0	1701.0	1414.0	1432.0	1274.0
190	1567.0	1540.0	1431.0	1593.0	1231.0
191	1519.0	1444.0	1382.0	1716.0	1101.0
192	1806.0	1676.0	1326.0	1704.0	1105.0
193	1759.0	1626.0	1246.0	1556.0	1140.0
194	1739.0	1738.0	1358.0	1524.0	1224.0
195	1754.0	1660.0	1520.0	1690.0	1359.0
196	1623.0	1514.0	1490.0	1701.0	1218.0
197	1651.0	1467.0	1345.0	1483.0	1108.0
198	1804.0	1703.0	1281.0	1598.0	1092.0
199	1792.0	1882.0	1425.0	1653.0	1288.0
200	1666.0	1632.0	1427.0	1688.0	1284.0
201	1680.0	1629.0	1512.0	1632.0	1274.0
202	1773.0	1588.0	1416.0	1569.0	1155.0
203	1722.0	1700.0	1304.0	1607.0	1080.0
204	1674.0	1701.0	1293.0	1673.0	1192.0
205	1790.0	1625.0	1494.0	1711.0	1366.0
206	1743.0	1652.0	1543.0	1576.0	1276.0
207	1750.0	1594.0	1419.0	1624.0	1205.0
208	1678.0	1758.0	1415.0	1696.0	1188.0
209	1688.0	1613.0	1338.0	1697.0	1198.0
210	1725.0	1603.0	1458.0	1768.0	1337.0
211	1779.0	1668.0	1500.0	1850.0	1179.0
212	1802.0	1705.0	1337.0	1874.0	1198.0
213	1924.0	1708.0	1444.0	2103.0	1221.0
214	1818.0	1564.0	1342.0	1998.0	1225.0
215	2024.0	1659.0	1498.0	2013.0	1295.0
216	2001.0	1681.0	1403.0	2282.0	1153.0
217	1986.0	1729.0	1389.0	2166.0	1246.0
218	2175.0	1789.0	1413.0	2441.0	1230.0
219	2503.0	2126.0	1697.0	2902.0	1454.0
220	2229.0	1878.0	1450.0	2753.0	1188.0
221	2527.0	2088.0	1407.0	3027.0	1247.0
222	2504.0	1952.0	1409.0	2627.0	1248.0
223	2722.0	2015.0	1456.0	2354.0	1279.0
224	2520.0	2191.0	1460.0	2245.0	1305.0
225	2297.0	2103.0	1548.0	1892.0	1400.0
226	2267.0	2421.0	1592.0	1611.0	1382.0
227	2113.0	2633.0	1690.0	1390.0	1578.0
228	1725.0	2661.0	1770.0	876.0	1584.0
229	1601.0	2845.0	1758.0	764.0	1511.0
230	1227.0	2471.0	1739.0	721.0	1707.0
231	1073.0	2304.0	1956.0	708.0	1690.0
232	1075.0	2212.0	1873.0	727.0	1786.0
233	1071.0	1867.0	2117.0	723.0	2057.0
234	1008.0	1610.0	2260.0	678.0	2098.0
235	1041.0	1349.0	2382.0	697.0	2313.0
236	1012.0	975.0	2544.0	679.0	2208.0
237	1031.0	900.0	2269.0	686.0	1879.0
238	1088.0	931.0	2084.0	718.0	1821.0
239	1058.0	904.0	1985.0	698.0	1593.0
240	1011.0	868.0	1660.0	675.0	1273.0
241	1008.0	864.0	1417.0	670.0	1096.0
242	1013.0	861.0	1182.0	665.0	747.0
243	1023.0	868.0	843.0	672.0	563.0
244	1054.0	893.0	752.0	693.0	547.0
245	1006.0	853.0	703.0	661.0	518.0
246	1029.0	866.0	706.0	670.0	516.0
247	987.0	833.0	678.0	650.0	498.0
248	1018.0	859.0	700.0	678.0	515.0
249	998.0	838.0	684.0	674.0	502.0
250	1020.0	848.0	685.0	674.0	496.0
251	1030.0	850.0	685.0	673.0	498.0
252	1043.0	859.0	692.0	687.0	506.0
253	1013.0	838.0	674.0	684.0	491.0
254	1093.0	897.0	712.0	746.0	515.0
255	1042.0	850.0	677.0	726.0	489.0
256	1128.0	914.0	723.0	734.0	523.0
257	1019.0	817.0	639.0	632.0	465.0
258	1031.0	844.0	658.0	649.0	473.0
259	1018.0	848.0	663.0	655.0	477.0
260	980.0	828.0	646.0	637.0	469.0
261	1022.0	875.0	670.0	661.0	485.0
262	1072.0	938.0	701.0	692.0	504.0
263	1007.0	895.0	666.0	652.0	485.0
264	1056.0	897.0	708.0	688.0	514.0
265	1014.0	843.0	677.0	661.0	488.0
266	983.0	813.0	647.0	637.0	468.0
267	1072.0	885.0	708.0	695.0	516.0
268	1053.0	870.0	710.0	688.0	525.0
269	1046.0	861.0	719.0	680.0	538.0
270	1033.0	848.0	723.0	669.0	511.0
271	1018.0	837.0	680.0	656.0	477.0
272	1049.0	866.0	686.0	678.0	491.0
273	986.0	815.0	642.0	637.0	461.0
274	1244.0	1022.0	794.0	793.0	561.0
275	1018.0	843.0	658.0	661.0	470.0
276	1023.0	849.0	662.0	671.0	477.0
277	974.0	806.0	629.0	642.0	454.0
278	1101.0	906.0	704.0	713.0	501.0
279	1008.0	829.0	646.0	645.0	461.0
280	1054.0	864.0	679.0	675.0	489.0
281	1029.0	848.0	668.0	662.0	480.0
282	1040.0	857.0	670.0	666.0	478.0
283	1017.0	840.0	659.0	654.0	469.0
284	1001.0	834.0	655.0	648.0	472.0
285	1012.0	846.0	659.0	656.0	475.0
286	976.0	809.0	631.0	628.0	449.0
287	1054.0	866.0	673.0	675.0	478.0
288	1008.0	829.0	651.0	654.0	469.0
289	986.0	812.0	637.0	639.0	461.0
290	1021.0	837.0	658.0	655.0	471.0
291	1054.0	867.0	684.0	681.0	493.0
292	986.0	813.0	648.0	643.0	470.0
293	1001.0	824.0	651.0	650.0	464.0
294	965.0	795.0	621.0	632.0	442.0
295	1008.0	830.0	645.0	665.0	459.0
296	1014.0	834.0	650.0	671.0	467.0
297	1004.0	819.0	640.0	647.0	458.0
298	1014.0	826.0	641.0	646.0	455.0
299	986.0	809.0	630.0	635.0	450.0
300	1017.0	840.0	655.0	657.0	471.0
301	994.0	823.0	641.0	641.0	464.0
302	954.0	790.0	613.0	610.0	438.0
303	1005.0	839.0	645.0	644.0	460.0
304	1015.0	845.0	655.0	656.0	471.0
305	1003.0	828.0	646.0	646.0	466.0
306	1007.0	829.0	644.0	646.0	460.0
307	1031.0	849.0	661.0	662.0	474.0
308	1055.0	869.0	682.0	682.0	495.0
309	991.0	814.0	643.0	641.0	472.0
310	986.0	808.0	639.0	638.0	469.0
311	993.0	813.0	648.0	640.0	461.0
312	1076.0	883.0	693.0	696.0	496.0
313	1065.0	875.0	683.0	688.0	488.0
314	989.0	811.0	631.0	640.0	449.0
315	1018.0	834.0	649.0	662.0	462.0
316	1080.0	884.0	689.0	703.0	492.0
317	1078.0	881.0	684.0	689.0	488.0
318	1030.0	841.0	651.0	654.0	463.0
319	1062.0	870.0	674.0	676.0	477.0
320	1005.0	831.0	647.0	651.0	464.0
321	984.0	814.0	635.0	640.0	457.0
322	1051.0	865.0	668.0	678.0	475.0
323	994.0	826.0	638.0	654.0	455.0
324	1072.0	889.0	688.0	717.0	493.0
325	1015.0	831.0	651.0	686.0	468.0
326	1057.0	859.0	669.0	683.0	475.0
327	1065.0	861.0	674.0	678.0	479.0
328	1024.0	837.0	659.0	663.0	475.0
329	1256.0	1023.0	804.0	797.0	572.0
330	1024.0	843.0	663.0	660.0	474.0
331	1005.0	833.0	652.0	649.0	462.0
332	1090.0	914.0	701.0	705.0	499.0
333	1034.0	870.0	661.0	666.0	473.0
334	1049.0	867.0	668.0	671.0	475.0
335	992.0	817.0	633.0	636.0	454.0
336	997.0	823.0	644.0	645.0	467.0
337	1015.0	843.0	657.0	656.0	478.0
338	1045.0	860.0	675.0	670.0	494.0
339	938.0	773.0	618.0	603.0	463.0
340	975.0	806.0	652.0	631.0	477.0
341	1048.0	864.0	685.0	677.0	490.0
342	967.0	794.0	623.0	624.0	444.0
343	994.0	817.0	638.0	644.0	456.0
344	1003.0	825.0	648.0	653.0	468.0
345	1030.0	845.0	662.0	665.0	475.0
346	1025.0	840.0	656.0	659.0	469.0
347	986.0	809.0	632.0	635.0	451.0
348	995.0	819.0	642.0	652.0	461.0
349	1005.0	826.0	643.0	663.0	459.0
350	992.0	815.0	631.0	658.0	449.0
351	1022.0	837.0	648.0	672.0	461.0
352	999.0	819.0	639.0	650.0	460.0
353	1067.0	872.0	679.0	689.0	485.0
354	1033.0	845.0	654.0	664.0	463.0
355	995.0	816.0	633.0	644.0	450.0
356	1022.0	845.0	656.0	673.0	472.0
357	1005.0	834.0	645.0	667.0	463.0
358	1002.0	833.0	638.0	672.0	456.0
359	983.0	810.0	624.0	658.0	446.0
360	1043.0	844.0	658.0	680.0	473.0
361	985.0	795.0	621.0	630.0	447.0
362	1073.0	873.0	678.0	687.0	485.0
363	982.0	807.0	630.0	641.0	457.0
364	1026.0	851.0	668.0	681.0	491.0
365	994.0	831.0	650.0	672.0	481.0
366	976.0	822.0	632.0	656.0	455.0
367	1034.0	856.0	651.0	664.0	465.0
368	1012.0	822.0	638.0	645.0	461.0
369	991.0	809.0	634.0	637.0	458.0
370	1039.0	854.0	663.0	666.0	477.0
371	955.0	794.0	620.0	618.0	451.0
372	1049.0	880.0	689.0	687.0	508.0
373	1009.0	861.0	673.0	655.0	497.0
374	1063.0	901.0	703.0	679.0	508.0
375	1028.0	855.0	672.0	658.0	481.0
376	987.0	819.0	643.0	641.0	464.0
377	1030.0	849.0	665.0	666.0	479.0
378	979.0	804.0	633.0	631.0	458.0
379	991.0	816.0	648.0	639.0	473.0
380	988.0	818.0	661.0	643.0	490.0
381	1054.0	868.0	707.0	685.0	506.0
382	1108.0	907.0	720.0	715.0	510.0
383	1054.0	861.0	679.0	683.0	482.0
384	1117.0	917.0	719.0	727.0	514.0
385	1076.0	882.0	690.0	697.0	494.0
386	1004.0	821.0	640.0	649.0	462.0
387	1007.0	825.0	644.0	654.0	466.0
388	996.0	818.0	644.0	658.0	463.0
389	988.0	813.0	631.0	656.0	453.0
390	1105.0	901.0	696.0	713.0	492.0
391	1219.0	979.0	749.0	757.0	533.0
392	1021.0	837.0	650.0	654.0	470.0
393	1017.0	838.0	652.0	654.0	469.0
394	975.0	805.0	623.0	623.0	445.0
395	1038.0	861.0	659.0	659.0	476.0
396	1004.0	843.0	651.0	648.0	471.0
397	952.0	805.0	617.0	614.0	444.0
398	963.0	806.0	620.0	620.0	448.0
399	1059.0	874.0	682.0	682.0	487.0
400	1038.0	860.0	673.0	678.0	485.0
401	1035.0	854.0	671.0	680.0	485.0
402	984.0	804.0	634.0	642.0	457.0
403	1029.0	829.0	665.0	663.0	475.0
404	1014.0	826.0	666.0	660.0	483.0
405	998.0	817.0	652.0	648.0	464.0
406	974.0	798.0	625.0	625.0	445.0
407	1025.0	842.0	655.0	656.0	468.0
408	1109.0	920.0	713.0	716.0	510.0
409	1007.0	838.0	647.0	650.0	462.0
410	1045.0	868.0	667.0	672.0	471.0
411	1019.0	844.0	648.0	658.0	461.0
412	1015.0	841.0	652.0	669.0	469.0
413	1038.0	855.0	665.0	693.0	477.0
414	1029.0	840.0	652.0	696.0	466.0
415	1071.0	864.0	676.0	746.0	486.0
416	1230.0	977.0	768.0	885.0	553.0
417	1318.0	1019.0	800.0	904.0	571.0
418	1155.0	836.0	656.0	687.0	471.0
419	1143.0	812.0	636.0	650.0	456.0
420	1090.0	862.0	671.0	679.0	484.0
421	1237.0	1024.0	779.0	788.0	553.0
422	1012.0	869.0	640.0	651.0	455.0
423	1030.0	922.0	653.0	662.0	463.0
424	1034.0	991.0	661.0	668.0	475.0
425	1086.0	1018.0	694.0	702.0	497.0
426	999.0	855.0	637.0	644.0	457.0
427	1023.0	854.0	657.0	656.0	474.0
428	1006.0	835.0	661.0	652.0	490.0
429	981.0	812.0	662.0	637.0	491.0
430	1007.0	830.0	697.0	650.0	521.0
431	1080.0	876.0	788.0	691.0	584.0
432	1058.0	872.0	799.0	688.0	575.0
433	987.0	816.0	679.0	643.0	475.0
434	1065.0	875.0	693.0	690.0	491.0
435	1053.0	863.0	679.0	686.0	482.0
436	1042.0	856.0	673.0	680.0	484.0
437	1033.0	848.0	665.0	670.0	478.0
438	1000.0	819.0	637.0	643.0	454.0
439	1054.0	862.0	671.0	679.0	478.0
440	991.0	820.0	641.0	650.0	465.0
441	983.0	811.0	633.0	634.0	454.0
442	1013.0	834.0	646.0	647.0	462.0
443	1008.0	834.0	644.0	647.0	459.0
444	1043.0	867.0	673.0	680.0	485.0
445	1081.0	893.0	694.0	701.0	497.0
446	994.0	818.0	635.0	644.0	454.0
447	1074.0	889.0	689.0	692.0	491.0
448	1043.0	864.0	673.0	675.0	485.0
449	975.0	803.0	632.0	633.0	459.0
450	1010.0	827.0	652.0	653.0	468.0
451	1000.0	821.0	646.0	650.0	463.0
452	980.0	809.0	635.0	646.0	458.0
453	1014.0	838.0	654.0	667.0	470.0
454	1039.0	852.0	662.0	677.0	473.0
455	1013.0	829.0	648.0	659.0	461.0
456	1035.0	851.0	665.0	677.0	475.0
457	1056.0	865.0	672.0	693.0	480.0
458	983.0	806.0	624.0	647.0	446.0
459	982.0	806.0	625.0	641.0	449.0
460	1116.0	918.0	713.0	733.0	514.0
461	1103.0	908.0	707.0	733.0	507.0
462	1012.0	830.0	639.0	653.0	457.0
463	1030.0	836.0	644.0	650.0	460.0
464	1027.0	842.0	653.0	658.0	475.0
465	1098.0	913.0	706.0	709.0	506.0
466	971.0	810.0	625.0	630.0	453.0
467	971.0	810.0	629.0	637.0	454.0
468	1023.0	859.0	667.0	677.0	486.0
469	988.0	836.0	643.0	647.0	467.0
470	1056.0	871.0	676.0	682.0	486.0
471	1006.0	824.0	648.0	653.0	467.0
472	1008.0	827.0	653.0	656.0	481.0
473	997.0	820.0	653.0	653.0	477.0
474	1016.0	838.0	661.0	666.0	475.0
475	1021.0	843.0	662.0	664.0	482.0
476	1049.0	871.0	695.0	689.0	505.0
477	1036.0	857.0	678.0	675.0	481.0
478	1018.0	839.0	649.0	654.0	462.0
479	997.0	823.0	638.0	645.0	457.0
480	1047.0	865.0	675.0	684.0	484.0
481	1034.0	857.0	667.0	684.0	481.0
482	1143.0	943.0	729.0	750.0	525.0
483	996.0	818.0	642.0	662.0	466.0
484	1015.0	832.0	655.0	683.0	475.0
485	1010.0	824.0	647.0	687.0	467.0
486	1057.0	854.0	669.0	732.0	481.0
487	1076.0	863.0	674.0	728.0	483.0
488	1052.0	834.0	652.0	670.0	478.0
489	1058.0	842.0	656.0	659.0	476.0
490	1035.0	855.0	657.0	665.0	472.0
491	1023.0	858.0	660.0	666.0	474.0
492	1091.0	920.0	706.0	705.0	506.0
493	1021.0	874.0	658.0	659.0	472.0
494	1018.0	893.0	650.0	660.0	464.0
495	1049.0	908.0	672.0	682.0	485.0
496	995.0	836.0	649.0	657.0	476.0
497	1059.0	874.0	695.0	700.0	507.0
498	1041.0	860.0	682.0	688.0	494.0
499	1046.0	861.0	686.0	690.0	504.0
500	1072.0	877.0	712.0	710.0	532.0
501	1026.0	838.0	700.0	674.0	525.0
502	1036.0	845.0	712.0	670.0	505.0
503	1062.0	873.0	698.0	689.0	491.0
504	1034.0	857.0	672.0	683.0	487.0
505	1025.0	854.0	665.0	682.0	482.0
506	982.0	817.0	633.0	655.0	455.0
507	1016.0	845.0	649.0	669.0	465.0
508	1151.0	952.0	731.0	746.0	525.0
509	1026.0	848.0	656.0	664.0	479.0
510	1022.0	842.0	656.0	655.0	473.0
511	1053.0	870.0	677.0	679.0	489.0
512	1068.0	886.0	696.0	696.0	509.0
513	1077.0	899.0	705.0	706.0	514.0
514	977.0	820.0	639.0	642.0	466.0
515	993.0	824.0	648.0	654.0	472.0
516	1035.0	855.0	675.0	689.0	490.0
517	1009.0	828.0	654.0	695.0	474.0
518	1012.0	823.0	647.0	731.0	468.0
519	1005.0	809.0	637.0	799.0	462.0
520	1051.0	827.0	655.0	959.0	485.0
521	1133.0	852.0	678.0	919.0	497.0
522	1233.0	841.0	663.0	735.0	476.0
523	1236.0	828.0	644.0	674.0	462.0
524	1096.0	849.0	655.0	671.0	471.0
525	1033.0	865.0	651.0	663.0	469.0
526	1061.0	932.0	670.0	687.0	477.0
527	1070.0	1012.0	683.0	702.0	490.0
528	977.0	1074.0	633.0	656.0	464.0
529	1073.0	1120.0	691.0	708.0	504.0
530	1047.0	931.0	673.0	679.0	489.0
531	1075.0	903.0	693.0	696.0	505.0
532	1095.0	911.0	726.0	724.0	547.0
533	1069.0	883.0	735.0	710.0	570.0
534	1061.0	875.0	770.0	698.0	635.0
535	1034.0	852.0	858.0	677.0	737.0
536	1059.0	881.0	949.0	696.0	669.0
537	1021.0	851.0	776.0	676.0	528.0
538	1026.0	849.0	694.0	680.0	495.0
539	998.0	825.0	655.0	658.0	469.0
540	1100.0	910.0	708.0	718.0	511.0
541	1076.0	897.0	696.0	705.0	505.0
542	1033.0	857.0	667.0	677.0	482.0
543	990.0	821.0	644.0	654.0	471.0
544	1001.0	830.0	661.0	670.0	483.0
545	1020.0	846.0	664.0	679.0	479.0
546	1032.0	856.0	662.0	690.0	478.0
547	984.0	815.0	636.0	662.0	466.0
548	1047.0	863.0	682.0	709.0	504.0
549	1055.0	864.0	686.0	714.0	500.0
550	993.0	812.0	639.0	673.0	462.0
551	1081.0	884.0	688.0	718.0	496.0
552	1035.0	847.0	663.0	681.0	487.0
553	1064.0	874.0	684.0	703.0	499.0
554	987.0	820.0	636.0	659.0	460.0
555	1008.0	841.0	647.0	670.0	468.0
556	1078.0	898.0	693.0	713.0	502.0
557	1053.0	882.0	676.0	702.0	495.0
558	1041.0	878.0	668.0	700.0	485.0
559	1010.0	845.0	651.0	689.0	475.0
560	1076.0	889.0	697.0	733.0	508.0
561	1010.0	837.0	655.0	696.0	488.0
562	1019.0	843.0	661.0	700.0	486.0
563	998.0	820.0	647.0	674.0	479.0
564	1052.0	863.0	688.0	706.0	514.0
565	995.0	824.0	660.0	673.0	489.0
566	1026.0	854.0	675.0	687.0	489.0
567	1006.0	846.0	655.0	676.0	474.0
568	1047.0	882.0	682.0	707.0	504.0
569	1076.0	909.0	704.0	721.0	515.0
570	1018.0	864.0	661.0	675.0	481.0
571	1022.0	857.0	661.0	674.0	483.0
572	1005.0	841.0	658.0	655.0	489.0
573	1068.0	895.0	700.0	684.0	524.0
574	1004.0	846.0	670.0	645.0	503.0
575	1023.0	874.0	691.0	671.0	513.0
576	1043.0	890.0	711.0	694.0	538.0
577	990.0	845.0	682.0	661.0	515.0
578	1040.0	875.0	702.0	688.0	514.0
579	1002.0	842.0	669.0	673.0	495.0
580	1048.0	870.0	702.0	717.0	520.0
581	988.0	810.0	659.0	707.0	490.0
582	1014.0	821.0	668.0	769.0	491.0
583	1126.0	910.0	732.0	796.0	535.0
584	1049.0	838.0	677.0	673.0	500.0
585	1062.0	851.0	683.0	665.0	499.0
586	1006.0	834.0	663.0	651.0	483.0
587	1009.0	848.0	662.0	668.0	474.0
588	992.0	846.0	648.0	675.0	467.0
589	1046.0	900.0	673.0	723.0	486.0
590	972.0	865.0	619.0	685.0	452.0
591	1052.0	891.0	663.0	731.0	481.0
592	1032.0	839.0	658.0	715.0	488.0
593	1010.0	803.0	640.0	665.0	474.0
594	1040.0	829.0	660.0	663.0	490.0
595	1041.0	850.0	679.0	664.0	513.0
596	984.0	823.0	667.0	640.0	540.0
597	1003.0	858.0	711.0	657.0	604.0
598	978.0	849.0	710.0	638.0	535.0
599	1045.0	911.0	700.0	684.0	496.0
600	1047.0	909.0	681.0	692.0	492.0
601	1000.0	847.0	643.0	652.0	471.0
602	1005.0	832.0	648.0	651.0	476.0
603	1076.0	884.0	701.0	700.0	517.0
604	983.0	812.0	663.0	654.0	507.0
605	986.0	816.0	675.0	665.0	516.0
606	1038.0	853.0	712.0	704.0	543.0
607	981.0	806.0	676.0	666.0	502.0
608	1036.0	851.0	695.0	703.0	508.0
609	1075.0	873.0	696.0	719.0	500.0
610	1049.0	845.0	661.0	691.0	473.0
611	1025.0	829.0	643.0	668.0	463.0
612	1048.0	856.0	668.0	680.0	485.0
613	1065.0	881.0	682.0	692.0	492.0
614	1033.0	871.0	663.0	668.0	478.0
615	1057.0	894.0	681.0	688.0	489.0
616	1016.0	869.0	662.0	679.0	478.0
617	1026.0	873.0	662.0	687.0	481.0
618	992.0	834.0	636.0	668.0	461.0
619	997.0	826.0	638.0	694.0	464.0
620	1030.0	845.0	666.0	733.0	497.0
621	1107.0	899.0	717.0	741.0	535.0
622	1031.0	822.0	668.0	665.0	491.0
623	1010.0	820.0	664.0	664.0	490.0
624	1111.0	920.0	737.0	747.0	540.0
625	1056.0	877.0	699.0	701.0	509.0
626	1052.0	870.0	681.0	686.0	490.0
627	1027.0	864.0	656.0	669.0	471.0
628	1034.0	892.0	664.0	680.0	485.0
629	1040.0	875.0	664.0	680.0	478.0
630	998.0	830.0	639.0	665.0	462.0
631	1004.0	836.0	650.0	677.0	475.0
632	1075.0	906.0	702.0	736.0	515.0
633	1013.0	844.0	661.0	707.0	492.0
634	1005.0	828.0	661.0	699.0	508.0
635	991.0	807.0	667.0	660.0	510.0
636	1134.0	917.0	753.0	737.0	544.0
637	1046.0	853.0	679.0	698.0	493.0
638	994.0	822.0	643.0	700.0	473.0
639	1039.0	860.0	673.0	812.0	494.0
640	1048.0	863.0	679.0	873.0	492.0
641	1099.0	872.0	666.0	760.0	487.0
642	1144.0	845.0	640.0	672.0	463.0
643	1099.0	848.0	647.0	670.0	469.0
644	1055.0	857.0	669.0	685.0	490.0
645	1076.0	894.0	690.0	713.0	509.0
646	1037.0	890.0	675.0	723.0	498.0
647	990.0	922.0	654.0	735.0	491.0
648	1065.0	1054.0	707.0	745.0	541.0
649	1038.0	926.0	682.0	683.0	513.0
650	1086.0	899.0	709.0	714.0	513.0
651	1059.0	877.0	683.0	710.0	492.0
652	1095.0	905.0	714.0	740.0	528.0
653	1046.0	863.0	692.0	700.0	532.0
654	1708.0	1415.0	1137.0	1094.0	876.0
655	998.0	878.0	786.0	662.0	625.0
656	1061.0	922.0	830.0	717.0	578.0
657	1002.0	847.0	701.0	684.0	496.0
658	1037.0	870.0	685.0	713.0	495.0
659	1040.0	868.0	673.0	711.0	485.0
660	1120.0	927.0	718.0	766.0	536.0
661	1047.0	861.0	680.0	703.0	528.0
662	1040.0	847.0	706.0	676.0	556.0
663	1026.0	841.0	714.0	664.0	521.0
664	1027.0	862.0	696.0	691.0	514.0
665	989.0	837.0	661.0	665.0	492.0
666	1025.0	871.0	677.0	669.0	499.0
667	1053.0	890.0	693.0	674.0	508.0
668	1105.0	946.0	734.0	711.0	541.0
669	1054.0	901.0	698.0	688.0	508.0
670	1000.0	842.0	659.0	667.0	486.0
671	1045.0	872.0	690.0	730.0	507.0
672	1040.0	873.0	691.0	784.0	515.0
673	1017.0	843.0	673.0	804.0	505.0
674	1087.0	861.0	699.0	795.0	515.0
675	1139.0	873.0	715.0	751.0	535.0
676	1061.0	811.0	676.0	686.0	499.0
677	1102.0	875.0	706.0	723.0	509.0
678	1038.0	846.0	665.0	689.0	481.0
679	1008.0	849.0	651.0	664.0	478.0
680	1007.0	897.0	664.0	656.0	486.0
681	1010.0	934.0	660.0	651.0	477.0
682	994.0	920.0	643.0	650.0	461.0
683	1042.0	912.0	670.0	699.0	479.0
684	996.0	854.0	643.0	718.0	473.0
685	1005.0	846.0	647.0	769.0	478.0
686	1032.0	843.0	658.0	763.0	503.0
687	1150.0	902.0	740.0	751.0	586.0
688	1135.0	876.0	778.0	704.0	633.0
689	1142.0	905.0	828.0	720.0	626.0
690	1021.0	834.0	728.0	666.0	530.0
691	1117.0	929.0	751.0	725.0	550.0
692	1028.0	892.0	694.0	682.0	512.0
693	1075.0	975.0	711.0	711.0	521.0
694	1036.0	950.0	685.0	702.0	492.0
695	994.0	869.0	648.0	697.0	463.0
696	1130.0	937.0	724.0	808.0	521.0
697	1074.0	870.0	675.0	786.0	491.0
698	1078.0	860.0	671.0	833.0	497.0
699	1088.0	861.0	688.0	829.0	529.0
700	1109.0	859.0	736.0	748.0	584.0
701	1136.0	861.0	768.0	708.0	584.0
702	1111.0	891.0	758.0	704.0	540.0
703	1096.0	921.0	719.0	706.0	510.0
704	1030.0	901.0	671.0	691.0	487.0
705	1022.0	917.0	664.0	694.0	484.0
706	1000.0	930.0	649.0	680.0	470.0
707	1055.0	989.0	678.0	720.0	490.0
708	1081.0	949.0	698.0	739.0	513.0
709	1043.0	874.0	675.0	719.0	506.0
710	1016.0	836.0	671.0	740.0	508.0
711	1038.0	844.0	700.0	773.0	537.0
712	1101.0	884.0	751.0	757.0	586.0
713	1098.0	870.0	751.0	712.0	619.0
714	1084.0	877.0	803.0	721.0	629.0
715	1043.0	872.0	763.0	703.0	544.0
716	1063.0	890.0	721.0	725.0	521.0
717	1047.0	881.0	687.0	717.0	494.0
718	1018.0	881.0	650.0	688.0	472.0
719	1039.0	929.0	663.0	712.0	491.0
720	1028.0	895.0	673.0	733.0	502.0
721	1066.0	890.0	694.0	782.0	515.0
722	1057.0	869.0	680.0	863.0	509.0
723	1111.0	902.0	710.0	927.0	528.0
724	1115.0	868.0	689.0	782.0	525.0
725	1184.0	882.0	707.0	724.0	559.0
726	1151.0	898.0	760.0	727.0	589.0
727	1043.0	866.0	730.0	686.0	528.0
728	1045.0	900.0	705.0	705.0	518.0
729	1074.0	941.0	711.0	739.0	534.0
730	1007.0	950.0	672.0	698.0	495.0
731	1012.0	1014.0	663.0	704.0	494.0
732	1046.0	953.0	692.0	735.0	517.0
733	1048.0	887.0	689.0	764.0	509.0
734	1068.0	880.0	688.0	853.0	519.0
735	1156.0	931.0	751.0	893.0	567.0
736	1136.0	880.0	728.0	791.0	571.0
737	1177.0	905.0	770.0	780.0	661.0
738	1089.0	871.0	830.0	757.0	686.0
739	1091.0	895.0	832.0	785.0	590.0
740	1089.0	901.0	740.0	774.0	537.0
741	1072.0	889.0	684.0	745.0	506.0
742	1173.0	1040.0	736.0	830.0	533.0
743	1072.0	987.0	671.0	828.0	498.0
744	1136.0	979.0	718.0	927.0	541.0
745	1120.0	908.0	691.0	1019.0	518.0
746	1187.0	931.0	707.0	1128.0	531.0
747	1243.0	938.0	707.0	974.0	533.0
748	1368.0	952.0	733.0	841.0	574.0
749	1289.0	934.0	761.0	735.0	637.0
750	1161.0	930.0	811.0	699.0	633.0
751	1101.0	994.0	796.0	718.0	585.0
752	1094.0	1067.0	776.0	747.0	582.0
753	1066.0	1131.0	748.0	748.0	573.0
754	1164.0	1323.0	811.0	814.0	619.0
755	1058.0	1144.0	745.0	750.0	561.0
756	1068.0	1012.0	742.0	813.0	563.0
757	1066.0	914.0	738.0	857.0	570.0
758	1068.0	855.0	745.0	777.0	601.0
759	1132.0	865.0	800.0	740.0	652.0
760	1146.0	905.0	883.0	771.0	778.0
761	1102.0	915.0	999.0	754.0	879.0
762	1038.0	882.0	1004.0	690.0	748.0
763	1070.0	914.0	892.0	685.0	624.0
764	1100.0	984.0	809.0	720.0	566.0
765	1030.0	997.0	706.0	717.0	509.0
766	1003.0	938.0	673.0	767.0	498.0
767	1089.0	946.0	718.0	971.0	527.0
768	1111.0	927.0	723.0	1066.0	550.0
769	1228.0	944.0	752.0	904.0	568.0
770	1290.0	878.0	718.0	748.0	546.0
771	1239.0	887.0	751.0	725.0	597.0
772	1128.0	882.0	805.0	719.0	657.0
773	1054.0	875.0	807.0	699.0	600.0
774	1054.0	934.0	761.0	721.0	562.0
775	1038.0	1031.0	722.0	731.0	555.0
776	1063.0	1189.0	737.0	764.0	561.0
777	1054.0	1064.0	708.0	782.0	518.0
778	1036.0	907.0	664.0	848.0	475.0
779	1110.0	900.0	681.0	845.0	492.0
780	1159.0	878.0	686.0	760.0	524.0
781	1166.0	866.0	707.0	707.0	563.0
782	1112.0	887.0	776.0	693.0	687.0
783	1047.0	880.0	905.0	671.0	799.0
784	1050.0	914.0	968.0	695.0	695.0
785	1020.0	921.0	808.0	708.0	563.0
786	1033.0	999.0	722.0	754.0	513.0
787	1016.0	990.0	670.0	829.0	485.0
788	1062.0	930.0	683.0	1078.0	508.0
789	1146.0	906.0	700.0	1144.0	523.0
790	1264.0	866.0	700.0	902.0	532.0
791	2308.0	1607.0	1279.0	1343.0	925.0
792	1230.0	863.0	735.0	732.0	577.0
793	1146.0	897.0	782.0	741.0	646.0
794	1081.0	913.0	838.0	739.0	639.0
795	1071.0	976.0	797.0	739.0	560.0
796	1077.0	1140.0	735.0	754.0	527.0
797	1073.0	1279.0	696.0	802.0	499.0
798	1046.0	1083.0	659.0	906.0	476.0
799	1078.0	942.0	656.0	960.0	477.0
800	1187.0	904.0	684.0	856.0	516.0
801	1280.0	895.0	706.0	775.0	545.0
802	1182.0	882.0	724.0	717.0	597.0
803	1131.0	912.0	834.0	723.0	777.0
804	1071.0	903.0	1018.0	726.0	895.0
805	1045.0	926.0	1018.0	758.0	709.0
806	1142.0	1097.0	889.0	890.0	623.0
807	1077.0	1122.0	740.0	994.0	528.0
808	1123.0	1049.0	707.0	1270.0	529.0
809	1235.0	963.0	716.0	1232.0	539.0
810	1404.0	890.0	700.0	966.0	520.0
811	1522.0	905.0	726.0	858.0	540.0
812	1302.0	890.0	729.0	811.0	575.0
813	1183.0	926.0	786.0	796.0	667.0
814	1121.0	968.0	882.0	787.0	735.0
815	1072.0	1049.0	887.0	772.0	639.0
816	1127.0	1327.0	828.0	833.0	591.0
817	1318.0	1558.0	867.0	1051.0	620.0
818	1109.0	1163.0	699.0	983.0	508.0
819	1263.0	1072.0	738.0	903.0	540.0
820	1352.0	1013.0	749.0	807.0	577.0
821	1224.0	951.0	750.0	709.0	603.0
822	1100.0	921.0	794.0	677.0	700.0
823	1065.0	949.0	946.0	700.0	917.0
824	1040.0	961.0	1172.0	749.0	987.0
825	1071.0	1060.0	1126.0	858.0	796.0
826	1037.0	1126.0	888.0	1064.0	635.0
827	1166.0	1102.0	827.0	1294.0	616.0
828	1287.0	970.0	783.0	1022.0	596.0
829	1506.0	893.0	754.0	821.0	573.0
830	1390.0	873.0	761.0	748.0	582.0
831	1189.0	878.0	770.0	710.0	588.0
832	1106.0	908.0	798.0	702.0	667.0
833	1053.0	959.0	887.0	698.0	747.0
834	1015.0	1100.0	914.0	739.0	657.0
835	1042.0	1384.0	815.0	889.0	568.0
836	1086.0	1261.0	751.0	960.0	528.0
837	1158.0	1011.0	685.0	815.0	491.0
838	1274.0	927.0	676.0	749.0	497.0
839	1178.0	877.0	682.0	721.0	519.0
840	1136.0	899.0	753.0	763.0	611.0
841	1096.0	889.0	823.0	778.0	749.0
842	1052.0	894.0	1012.0	803.0	957.0
843	1074.0	1000.0	1160.0	982.0	821.0
844	1147.0	1158.0	964.0	1317.0	658.0
845	1309.0	1106.0	845.0	1195.0	596.0
846	1475.0	925.0	717.0	875.0	511.0
847	1493.0	886.0	679.0	769.0	486.0
848	1289.0	925.0	703.0	753.0	516.0
849	1160.0	936.0	706.0	723.0	542.0
850	1084.0	953.0	742.0	720.0	619.0
851	1076.0	1080.0	870.0	802.0	722.0
852	1056.0	1348.0	907.0	953.0	645.0
853	1122.0	1406.0	807.0	960.0	574.0
854	1234.0	1114.0	735.0	813.0	536.0
855	1318.0	982.0	722.0	743.0	537.0
856	1201.0	935.0	736.0	719.0	569.0
857	1101.0	889.0	743.0	721.0	582.0
858	1060.0	884.0	781.0	789.0	673.0
859	1049.0	922.0	932.0	954.0	902.0
860	1169.0	1116.0	1235.0	1315.0	966.0
861	1229.0	1159.0	1074.0	1226.0	714.0
862	1502.0	1039.0	864.0	960.0	607.0
863	1541.0	898.0	734.0	800.0	525.0
864	1569.0	1086.0	869.0	939.0	621.0
865	1188.0	898.0	709.0	785.0	523.0
866	1082.0	904.0	687.0	766.0	537.0
867	1119.0	1069.0	781.0	896.0	667.0
868	1128.0	1343.0	923.0	1007.0	747.0
869	1197.0	1468.0	916.0	897.0	639.0
870	1281.0	1167.0	773.0	766.0	544.0
871	1237.0	1000.0	708.0	706.0	500.0
872	1174.0	978.0	715.0	740.0	528.0
873	1066.0	923.0	695.0	782.0	545.0
874	1191.0	1039.0	843.0	1063.0	709.0
875	1079.0	988.0	903.0	1247.0	870.0
876	1218.0	1127.0	1171.0	1152.0	979.0
877	1518.0	1121.0	1150.0	939.0	776.0
878	1564.0	994.0	914.0	817.0	640.0
879	1270.0	884.0	774.0	725.0	569.0
880	1163.0	887.0	762.0	768.0	574.0
881	1121.0	945.0	760.0	874.0	576.0
882	1050.0	1028.0	734.0	960.0	599.0
883	1146.0	1327.0	841.0	936.0	712.0
884	1312.0	1441.0	963.0	851.0	709.0
885	1355.0	1200.0	887.0	781.0	620.0
886	1186.0	1010.0	760.0	729.0	535.0
887	1092.0	917.0	697.0	791.0	503.0
888	1070.0	919.0	703.0	1024.0	551.0
889	1175.0	1031.0	801.0	1266.0	689.0
890	1261.0	1104.0	920.0	1055.0	876.0
891	1535.0	1160.0	1178.0	890.0	938.0
892	1432.0	1017.0	1088.0	790.0	737.0
893	1236.0	930.0	883.0	778.0	619.0
894	1126.0	888.0	772.0	834.0	547.0
895	1170.0	980.0	761.0	995.0	565.0
896	1167.0	1106.0	759.0	989.0	612.0
897	1258.0	1362.0	822.0	890.0	704.0
898	1312.0	1323.0	942.0	800.0	736.0
899	1221.0	1102.0	904.0	766.0	641.0
900	1128.0	976.0	797.0	853.0	568.0
901	1114.0	950.0	734.0	1057.0	528.0
902	1185.0	997.0	728.0	1046.0	559.0
903	1322.0	1068.0	762.0	848.0	662.0
904	1396.0	1133.0	944.0	760.0	884.0
905	1325.0	1135.0	1201.0	815.0	898.0
906	1125.0	977.0	1005.0	833.0	697.0
907	1096.0	928.0	845.0	931.0	596.0
908	1175.0	1010.0	796.0	972.0	591.0
909	1261.0	1178.0	776.0	894.0	607.0
910	1263.0	1268.0	808.0	825.0	677.0
911	1206.0	1097.0	911.0	851.0	738.0
912	1168.0	986.0	940.0	1007.0	710.0
913	1142.0	921.0	841.0	1044.0	607.0
914	1274.0	984.0	780.0	926.0	566.0
915	1327.0	1034.0	718.0	780.0	562.0
916	1309.0	1148.0	850.0	809.0	745.0
917	1193.0	1080.0	1015.0	865.0	821.0
918	1138.0	1011.0	1007.0	932.0	689.0
919	1128.0	972.0	825.0	869.0	568.0
920	1303.0	1162.0	814.0	863.0	594.0
921	1184.0	1201.0	735.0	788.0	581.0
922	1166.0	1150.0	816.0	852.0	676.0
923	1104.0	981.0	870.0	851.0	703.0
924	1152.0	948.0	898.0	837.0	687.0
925	1185.0	966.0	834.0	793.0	621.0
926	1172.0	1056.0	795.0	812.0	609.0
927	1091.0	1025.0	781.0	882.0	661.0
928	1168.0	1026.0	961.0	991.0	822.0
929	1199.0	987.0	1016.0	879.0	756.0
930	1215.0	978.0	876.0	805.0	619.0
931	1181.0	1028.0	780.0	843.0	564.0
932	1272.0	1121.0	843.0	940.0	656.0
933	1162.0	974.0	803.0	835.0	670.0
934	1205.0	978.0	885.0	972.0	700.0
935	1129.0	980.0	821.0	1112.0	595.0
936	1219.0	1086.0	780.0	1081.0	592.0
937	1373.0	1034.0	768.0	982.0	595.0
938	1394.0	981.0	807.0	1076.0	641.0
939	1271.0	977.0	820.0	1113.0	624.0
940	1315.0	1018.0	809.0	1142.0	606.0
941	1395.0	1002.0	778.0	1362.0	590.0
942	1375.0	1039.0	768.0	1461.0	637.0
943	1495.0	1199.0	826.0	1259.0	712.0
944	1708.0	1270.0	903.0	1282.0	689.0
945	1590.0	1160.0	835.0	1317.0	615.0
946	1552.0	1186.0	796.0	1485.0	617.0
947	1565.0	1237.0	799.0	1734.0	629.0
948	1658.0	1261.0	829.0	1624.0	624.0
949	1986.0	1412.0	828.0	1741.0	670.0
950	1887.0	1592.0	881.0	1945.0	804.0
951	1924.0	1502.0	1063.0	2321.0	879.0
952	2825.0	2015.0	1492.0	2921.0	1082.0
953	2323.0	1423.0	914.0	3017.0	762.0
954	2545.0	1510.0	997.0	3643.0	852.0
955	2877.0	1775.0	1017.0	3294.0	832.0
956	3546.0	1829.0	1068.0	2071.0	952.0
957	3579.0	1760.0	1207.0	1312.0	1129.0
958	2640.0	1956.0	1364.0	991.0	1058.0
959	1719.0	2261.0	1177.0	794.0	941.0
960	1401.0	2477.0	1191.0	777.0	1006.0
961	1247.0	2859.0	1245.0	791.0	1046.0
962	1138.0	3514.0	1322.0	787.0	1280.0
963	1104.0	3686.0	1581.0	787.0	1299.0
964	1099.0	2708.0	1485.0	774.0	1248.0
965	1097.0	1671.0	1522.0	738.0	1388.0
966	1115.0	1259.0	1711.0	750.0	1659.0
967	1083.0	1026.0	1999.0	749.0	1796.0
968	1087.0	947.0	2121.0	751.0	2064.0
969	1095.0	926.0	2571.0	743.0	2638.0
970	1082.0	923.0	3145.0	731.0	2832.0
971	1072.0	936.0	3075.0	735.0	2092.0
972	1083.0	951.0	2053.0	756.0	1242.0
973	1107.0	948.0	1321.0	730.0	856.0
974	1130.0	950.0	997.0	715.0	667.0
975	1058.0	913.0	795.0	676.0	557.0
976	1076.0	945.0	767.0	721.0	565.0
977	1040.0	909.0	731.0	696.0	552.0
978	1058.0	915.0	750.0	688.0	574.0
979	1057.0	906.0	756.0	675.0	570.0
980	1042.0	917.0	754.0	684.0	556.0
981	1052.0	910.0	740.0	699.0	551.0
982	1071.0	898.0	746.0	706.0	562.0
983	1040.0	861.0	730.0	684.0	544.0
984	1090.0	911.0	765.0	726.0	569.0
985	1070.0	903.0	742.0	729.0	551.0
986	1028.0	856.0	710.0	721.0	527.0
987	1043.0	852.0	716.0	720.0	540.0
988	1083.0	879.0	746.0	741.0	545.0
989	1065.0	864.0	704.0	713.0	501.0
990	1080.0	879.0	692.0	725.0	495.0
991	1093.0	889.0	697.0	719.0	505.0
992	1057.0	865.0	687.0	688.0	508.0
993	1049.0	870.0	687.0	688.0	492.0
994	1087.0	929.0	705.0	722.0	503.0
995	1032.0	888.0	665.0	689.0	480.0
996	1092.0	931.0	706.0	730.0	517.0
997	1087.0	920.0	705.0	726.0	513.0
998	1060.0	896.0	685.0	721.0	495.0
999	1029.0	870.0	668.0	694.0	486.0
1000	1084.0	891.0	701.0	719.0	522.0
1001	1077.0	877.0	703.0	715.0	534.0
1002	1053.0	873.0	711.0	702.0	532.0
1003	1104.0	913.0	742.0	724.0	547.0
1004	1086.0	901.0	734.0	717.0	541.0
1005	1060.0	882.0	708.0	708.0	524.0
1006	1049.0	884.0	704.0	722.0	517.0
1007	1050.0	888.0	694.0	726.0	495.0
1008	1093.0	903.0	705.0	749.0	515.0
1009	1097.0	899.0	700.0	751.0	514.0
1010	1118.0	922.0	718.0	788.0	524.0
1011	1111.0	907.0	710.0	806.0	517.0
1012	1144.0	927.0	735.0	809.0	539.0
1013	1124.0	892.0	705.0	769.0	527.0
1014	1127.0	909.0	717.0	755.0	531.0
1015	1084.0	894.0	696.0	705.0	501.0
1016	1084.0	899.0	693.0	707.0	513.0
1017	1110.0	935.0	723.0	740.0	531.0
1018	1083.0	934.0	710.0	742.0	512.0
1019	1047.0	924.0	678.0	715.0	491.0
1020	1136.0	994.0	732.0	766.0	535.0
1021	1073.0	923.0	691.0	711.0	518.0
1022	1107.0	946.0	727.0	742.0	541.0
1023	1058.0	889.0	708.0	742.0	523.0
1024	1099.0	908.0	735.0	768.0	547.0
