/* Tiempo de exposicion:	6	4.2	3	2.4	2.4
/* Numero de Scans	1	1	1	1	1
/* Scans Ignorados	0	0	0	0	0
/* Modo de Adquiquisicion	1 	1 	1 	1 	1 
/* Temperatura del detector	0 	0 	0 	0 	0 
/*Red	1	1	1	1	1
/*Posicion del Contador	650	650	650	650	650
/*Archivo:	barridoP_0002.OMAIII	barridoP_0012.OMAIII	barridoP_0022.OMAIII	barridoP_0032.OMAIII	barridoP_0042.OMAIII
1	60.0	60.0	60.0	60.0	60.0
2	295.0	189.0	107.0	52.0	105.0
3	477.0	406.0	296.0	277.0	302.0
4	608.0	504.0	391.0	380.0	409.0
5	614.0	507.0	412.0	372.0	412.0
6	584.0	525.0	399.0	378.0	376.0
7	622.0	572.0	404.0	426.0	361.0
8	675.0	601.0	439.0	457.0	373.0
9	720.0	592.0	494.0	466.0	390.0
10	694.0	551.0	493.0	419.0	406.0
11	669.0	551.0	501.0	427.0	412.0
12	693.0	552.0	500.0	430.0	395.0
13	643.0	520.0	479.0	395.0	354.0
14	620.0	518.0	440.0	382.0	316.0
15	647.0	544.0	446.0	409.0	333.0
16	670.0	566.0	465.0	438.0	370.0
17	700.0	539.0	481.0	410.0	399.0
18	614.0	501.0	453.0	363.0	346.0
19	746.0	604.0	494.0	430.0	407.0
20	630.0	552.0	427.0	401.0	364.0
21	673.0	604.0	446.0	449.0	355.0
22	699.0	551.0	448.0	422.0	357.0
23	674.0	505.0	476.0	371.0	375.0
24	665.0	482.0	482.0	364.0	424.0
25	658.0	492.0	460.0	354.0	471.0
26	628.0	510.0	426.0	357.0	477.0
27	595.0	512.0	387.0	365.0	506.0
28	593.0	502.0	388.0	382.0	540.0
29	681.0	536.0	437.0	386.0	589.0
30	613.0	505.0	423.0	364.0	487.0
31	596.0	468.0	394.0	348.0	470.0
32	604.0	480.0	412.0	346.0	549.0
33	566.0	488.0	393.0	350.0	619.0
34	585.0	519.0	371.0	371.0	635.0
35	599.0	549.0	378.0	395.0	541.0
36	670.0	599.0	435.0	450.0	589.0
37	710.0	632.0	469.0	462.0	667.0
38	692.0	621.0	470.0	469.0	738.0
39	741.0	659.0	497.0	508.0	677.0
40	745.0	633.0	533.0	528.0	538.0
41	764.0	578.0	556.0	459.0	538.0
42	672.0	594.0	551.0	442.0	574.0
43	661.0	654.0	482.0	497.0	659.0
44	722.0	728.0	492.0	578.0	646.0
45	806.0	687.0	551.0	587.0	555.0
46	799.0	638.0	606.0	504.0	581.0
47	744.0	695.0	618.0	530.0	660.0
48	745.0	765.0	548.0	597.0	753.0
49	829.0	809.0	574.0	674.0	865.0
50	889.0	661.0	626.0	585.0	782.0
51	912.0	669.0	741.0	513.0	791.0
52	724.0	643.0	634.0	491.0	843.0
53	708.0	687.0	518.0	526.0	766.0
54	758.0	745.0	518.0	589.0	630.0
55	815.0	659.0	557.0	559.0	627.0
56	802.0	655.0	628.0	496.0	633.0
57	726.0	703.0	594.0	523.0	538.0
58	763.0	776.0	520.0	576.0	563.0
59	848.0	885.0	567.0	656.0	651.0
60	980.0	952.0	656.0	764.0	786.0
61	1031.0	845.0	709.0	683.0	907.0
62	953.0	879.0	772.0	651.0	1043.0
63	954.0	910.0	724.0	722.0	1177.0
64	1049.0	786.0	726.0	669.0	1012.0
65	952.0	675.0	777.0	550.0	915.0
66	790.0	678.0	692.0	531.0	810.0
67	758.0	621.0	578.0	529.0	848.0
68	767.0	612.0	583.0	478.0	800.0
69	696.0	662.0	570.0	500.0	691.0
70	711.0	728.0	497.0	555.0	724.0
71	778.0	844.0	530.0	649.0	782.0
72	872.0	968.0	603.0	773.0	724.0
73	982.0	1111.0	686.0	893.0	611.0
74	1094.0	1078.0	793.0	983.0	600.0
75	1189.0	944.0	911.0	835.0	629.0
76	1055.0	878.0	1012.0	777.0	665.0
77	979.0	843.0	862.0	698.0	744.0
78	925.0	874.0	804.0	732.0	748.0
79	941.0	761.0	726.0	669.0	722.0
80	904.0	749.0	765.0	600.0	745.0
81	819.0	801.0	706.0	630.0	719.0
82	851.0	790.0	620.0	659.0	753.0
83	902.0	714.0	663.0	614.0	687.0
84	858.0	668.0	713.0	539.0	627.0
85	755.0	669.0	645.0	522.0	527.0
86	738.0	678.0	555.0	537.0	516.0
87	784.0	741.0	565.0	572.0	574.0
88	784.0	791.0	579.0	631.0	621.0
89	857.0	761.0	600.0	633.0	692.0
90	851.0	770.0	654.0	613.0	683.0
91	829.0	741.0	652.0	617.0	672.0
92	868.0	778.0	659.0	618.0	709.0
93	837.0	773.0	668.0	650.0	584.0
94	882.0	706.0	650.0	587.0	539.0
95	823.0	642.0	681.0	530.0	583.0
96	763.0	588.0	624.0	467.0	636.0
97	711.0	623.0	576.0	468.0	703.0
98	676.0	646.0	488.0	488.0	676.0
99	734.0	711.0	497.0	538.0	683.0
100	813.0	787.0	558.0	614.0	745.0
101	826.0	725.0	572.0	592.0	647.0
102	861.0	770.0	640.0	598.0	566.0
103	810.0	702.0	624.0	601.0	561.0
104	841.0	616.0	633.0	515.0	554.0
105	736.0	619.0	643.0	472.0	491.0
106	675.0	648.0	530.0	495.0	488.0
107	736.0	711.0	506.0	544.0	536.0
108	762.0	745.0	538.0	596.0	593.0
109	816.0	727.0	577.0	587.0	666.0
110	796.0	736.0	609.0	569.0	743.0
111	818.0	752.0	617.0	614.0	814.0
112	870.0	662.0	632.0	564.0	794.0
113	809.0	622.0	667.0	493.0	712.0
114	704.0	619.0	589.0	484.0	610.0
115	694.0	566.0	510.0	464.0	591.0
116	698.0	567.0	529.0	435.0	651.0
117	669.0	600.0	518.0	447.0	617.0
118	652.0	616.0	453.0	455.0	542.0
119	703.0	688.0	470.0	502.0	547.0
120	847.0	834.0	556.0	614.0	635.0
121	831.0	866.0	564.0	664.0	658.0
122	893.0	861.0	600.0	688.0	642.0
123	975.0	817.0	695.0	677.0	620.0
124	943.0	721.0	741.0	603.0	637.0
125	875.0	673.0	734.0	548.0	628.0
126	758.0	673.0	636.0	513.0	590.0
127	773.0	717.0	580.0	561.0	652.0
128	796.0	664.0	562.0	533.0	707.0
129	779.0	626.0	595.0	488.0	744.0
130	720.0	630.0	556.0	472.0	774.0
131	732.0	686.0	532.0	518.0	685.0
132	751.0	724.0	529.0	560.0	649.0
133	790.0	701.0	561.0	573.0	659.0
134	789.0	669.0	581.0	521.0	632.0
135	756.0	688.0	599.0	544.0	597.0
136	780.0	655.0	573.0	532.0	618.0
137	809.0	698.0	612.0	535.0	679.0
138	747.0	718.0	569.0	549.0	680.0
139	756.0	741.0	541.0	589.0	621.0
140	824.0	807.0	596.0	638.0	637.0
141	876.0	809.0	645.0	680.0	685.0
142	1029.0	805.0	719.0	637.0	759.0
143	789.0	685.0	680.0	538.0	699.0
144	807.0	734.0	637.0	573.0	731.0
145	797.0	688.0	596.0	559.0	771.0
146	772.0	650.0	585.0	508.0	743.0
147	743.0	685.0	589.0	525.0	750.0
148	749.0	729.0	557.0	565.0	651.0
149	784.0	713.0	567.0	583.0	557.0
150	822.0	678.0	600.0	538.0	564.0
151	752.0	684.0	610.0	526.0	600.0
152	768.0	739.0	584.0	575.0	654.0
153	794.0	756.0	574.0	599.0	638.0
154	874.0	790.0	631.0	624.0	600.0
155	811.0	758.0	623.0	599.0	589.0
156	823.0	799.0	638.0	644.0	635.0
157	874.0	790.0	645.0	640.0	674.0
158	842.0	746.0	658.0	618.0	683.0
159	863.0	653.0	669.0	553.0	728.0
160	780.0	614.0	669.0	485.0	760.0
161	703.0	638.0	591.0	483.0	801.0
162	692.0	666.0	509.0	509.0	730.0
163	735.0	697.0	517.0	544.0	657.0
164	784.0	676.0	568.0	553.0	691.0
165	803.0	663.0	602.0	511.0	745.0
166	740.0	675.0	588.0	511.0	756.0
167	733.0	702.0	533.0	536.0	687.0
168	781.0	749.0	557.0	581.0	710.0
169	801.0	764.0	577.0	592.0	713.0
170	855.0	801.0	617.0	624.0	692.0
171	868.0	815.0	632.0	640.0	677.0
172	878.0	836.0	663.0	679.0	681.0
173	906.0	742.0	677.0	631.0	730.0
174	859.0	707.0	701.0	557.0	760.0
175	789.0	736.0	662.0	567.0	773.0
176	828.0	808.0	615.0	627.0	799.0
177	836.0	769.0	609.0	634.0	826.0
178	844.0	716.0	631.0	570.0	823.0
179	833.0	769.0	674.0	591.0	833.0
180	828.0	751.0	631.0	607.0	762.0
181	835.0	733.0	631.0	583.0	750.0
182	869.0	764.0	669.0	594.0	810.0
183	809.0	746.0	621.0	573.0	834.0
184	840.0	815.0	634.0	629.0	862.0
185	845.0	812.0	613.0	643.0	850.0
186	875.0	818.0	647.0	650.0	816.0
187	888.0	840.0	680.0	659.0	779.0
188	896.0	869.0	699.0	697.0	752.0
189	932.0	878.0	704.0	706.0	737.0
190	918.0	824.0	719.0	686.0	747.0
191	920.0	781.0	729.0	633.0	778.0
192	941.0	848.0	773.0	659.0	831.0
193	851.0	843.0	677.0	655.0	845.0
194	894.0	872.0	668.0	691.0	919.0
195	965.0	906.0	713.0	715.0	966.0
196	951.0	886.0	744.0	720.0	991.0
197	944.0	843.0	742.0	690.0	1029.0
198	938.0	817.0	753.0	657.0	1084.0
199	966.0	836.0	766.0	658.0	1131.0
200	874.0	796.0	706.0	626.0	1059.0
201	869.0	828.0	683.0	644.0	960.0
202	884.0	840.0	664.0	658.0	857.0
203	891.0	850.0	674.0	665.0	776.0
204	930.0	932.0	715.0	718.0	765.0
205	985.0	997.0	733.0	780.0	753.0
206	1023.0	1002.0	748.0	792.0	700.0
207	1045.0	1032.0	808.0	814.0	684.0
208	1091.0	1102.0	852.0	865.0	708.0
209	1118.0	1141.0	866.0	907.0	706.0
210	1168.0	1137.0	899.0	923.0	700.0
211	1214.0	1074.0	959.0	895.0	715.0
212	1180.0	974.0	987.0	818.0	740.0
213	1110.0	894.0	959.0	741.0	732.0
214	970.0	801.0	849.0	652.0	705.0
215	914.0	795.0	774.0	633.0	716.0
216	871.0	770.0	706.0	623.0	741.0
217	875.0	755.0	685.0	602.0	733.0
218	826.0	737.0	656.0	575.0	697.0
219	983.0	868.0	714.0	653.0	787.0
220	830.0	763.0	628.0	601.0	750.0
221	858.0	777.0	644.0	607.0	772.0
222	826.0	762.0	628.0	591.0	772.0
223	829.0	768.0	627.0	606.0	778.0
224	843.0	763.0	634.0	605.0	785.0
225	855.0	770.0	661.0	608.0	801.0
226	851.0	781.0	648.0	604.0	802.0
227	889.0	818.0	665.0	637.0	812.0
228	860.0	765.0	647.0	616.0	793.0
229	868.0	774.0	670.0	601.0	788.0
230	831.0	779.0	650.0	604.0	808.0
231	844.0	798.0	632.0	623.0	835.0
232	881.0	829.0	659.0	646.0	849.0
233	896.0	842.0	676.0	661.0	883.0
234	884.0	828.0	671.0	651.0	904.0
235	909.0	840.0	698.0	663.0	942.0
236	908.0	852.0	704.0	671.0	960.0
237	916.0	852.0	711.0	677.0	926.0
238	949.0	859.0	720.0	674.0	904.0
239	931.0	843.0	724.0	668.0	906.0
240	917.0	847.0	717.0	664.0	912.0
241	907.0	875.0	712.0	681.0	890.0
242	924.0	884.0	696.0	695.0	884.0
243	957.0	901.0	722.0	702.0	932.0
244	987.0	959.0	762.0	743.0	978.0
245	995.0	976.0	755.0	764.0	949.0
246	1036.0	1002.0	774.0	780.0	921.0
247	1050.0	993.0	800.0	791.0	921.0
248	1093.0	980.0	841.0	784.0	954.0
249	1067.0	975.0	856.0	761.0	934.0
250	1046.0	977.0	825.0	757.0	941.0
251	1067.0	977.0	812.0	766.0	989.0
252	1085.0	954.0	830.0	760.0	1016.0
253	1039.0	957.0	826.0	747.0	1007.0
254	1042.0	1017.0	815.0	784.0	1016.0
255	1047.0	1009.0	792.0	801.0	1027.0
256	1116.0	1014.0	845.0	812.0	1059.0
257	1053.0	962.0	846.0	770.0	1036.0
258	1044.0	987.0	841.0	772.0	1030.0
259	1051.0	993.0	826.0	790.0	1017.0
260	1060.0	984.0	826.0	781.0	991.0
261	1064.0	1022.0	847.0	797.0	1008.0
262	1092.0	1065.0	838.0	825.0	1054.0
263	1105.0	1060.0	839.0	835.0	1105.0
264	1162.0	1088.0	894.0	859.0	1201.0
265	1151.0	1097.0	903.0	851.0	1301.0
266	1139.0	1098.0	892.0	858.0	1412.0
267	1212.0	1148.0	917.0	888.0	1537.0
268	1229.0	1121.0	946.0	899.0	1633.0
269	1224.0	1114.0	954.0	882.0	1708.0
270	1173.0	1068.0	943.0	859.0	1708.0
271	1155.0	1054.0	924.0	835.0	1513.0
272	1141.0	1095.0	932.0	856.0	1123.0
273	1117.0	1122.0	886.0	876.0	731.0
274	1258.0	1252.0	941.0	956.0	570.0
275	1221.0	1272.0	933.0	982.0	475.0
276	1297.0	1394.0	992.0	1076.0	476.0
277	1367.0	1500.0	1038.0	1169.0	470.0
278	1528.0	1628.0	1142.0	1269.0	480.0
279	1600.0	1693.0	1230.0	1329.0	443.0
280	1721.0	1787.0	1345.0	1419.0	455.0
281	1802.0	1761.0	1424.0	1444.0	444.0
282	1842.0	1483.0	1489.0	1308.0	408.0
283	1717.0	1078.0	1519.0	990.0	392.0
284	1372.0	760.0	1407.0	680.0	401.0
285	1006.0	625.0	1087.0	498.0	404.0
286	758.0	569.0	737.0	420.0	383.0
287	716.0	591.0	554.0	425.0	406.0
288	690.0	592.0	486.0	432.0	426.0
289	686.0	570.0	469.0	427.0	431.0
290	697.0	553.0	472.0	406.0	413.0
291	691.0	559.0	485.0	409.0	403.0
292	651.0	532.0	459.0	398.0	390.0
293	643.0	506.0	445.0	374.0	393.0
294	603.0	484.0	426.0	350.0	392.0
295	606.0	502.0	415.0	359.0	389.0
296	615.0	510.0	412.0	371.0	380.0
297	609.0	502.0	405.0	361.0	372.0
298	604.0	510.0	401.0	360.0	358.0
299	604.0	527.0	397.0	376.0	362.0
300	643.0	545.0	418.0	399.0	395.0
301	647.0	520.0	429.0	384.0	412.0
302	610.0	480.0	420.0	351.0	410.0
303	615.0	492.0	422.0	351.0	418.0
304	613.0	516.0	419.0	369.0	422.0
305	611.0	516.0	402.0	373.0	396.0
306	616.0	491.0	399.0	358.0	346.0
307	625.0	489.0	417.0	349.0	333.0
308	621.0	503.0	426.0	361.0	342.0
309	589.0	475.0	389.0	338.0	330.0
310	575.0	474.0	377.0	329.0	320.0
311	579.0	496.0	375.0	345.0	321.0
312	632.0	550.0	405.0	389.0	354.0
313	647.0	553.0	411.0	400.0	364.0
314	628.0	518.0	405.0	378.0	354.0
315	641.0	519.0	429.0	379.0	373.0
316	662.0	514.0	450.0	381.0	399.0
317	645.0	477.0	439.0	345.0	407.0
318	584.0	443.0	409.0	309.0	403.0
319	573.0	454.0	383.0	312.0	419.0
320	554.0	451.0	360.0	317.0	411.0
321	552.0	441.0	353.0	313.0	389.0
322	570.0	451.0	358.0	309.0	360.0
323	543.0	450.0	349.0	309.0	332.0
324	588.0	494.0	370.0	342.0	352.0
325	575.0	484.0	361.0	339.0	345.0
326	599.0	499.0	371.0	346.0	351.0
327	614.0	512.0	386.0	357.0	362.0
328	622.0	527.0	402.0	375.0	392.0
329	724.0	594.0	454.0	416.0	438.0
330	633.0	534.0	407.0	379.0	374.0
331	635.0	515.0	414.0	375.0	356.0
332	678.0	533.0	451.0	385.0	374.0
333	637.0	481.0	434.0	350.0	359.0
334	615.0	465.0	415.0	324.0	358.0
335	565.0	450.0	382.0	310.0	354.0
336	570.0	469.0	370.0	326.0	374.0
337	581.0	481.0	368.0	335.0	376.0
338	595.0	490.0	371.0	336.0	367.0
339	556.0	480.0	354.0	331.0	346.0
340	596.0	509.0	379.0	364.0	368.0
341	645.0	508.0	407.0	365.0	378.0
342	595.0	465.0	396.0	326.0	352.0
343	591.0	471.0	394.0	328.0	366.0
344	595.0	482.0	389.0	338.0	392.0
345	602.0	491.0	388.0	340.0	400.0
346	596.0	489.0	377.0	335.0	384.0
347	588.0	486.0	370.0	336.0	363.0
348	608.0	498.0	389.0	353.0	365.0
349	612.0	494.0	392.0	346.0	360.0
350	601.0	484.0	389.0	335.0	366.0
351	609.0	497.0	391.0	343.0	380.0
352	609.0	498.0	397.0	353.0	374.0
353	639.0	517.0	409.0	356.0	381.0
354	614.0	511.0	394.0	346.0	377.0
355	609.0	513.0	381.0	354.0	372.0
356	648.0	537.0	407.0	379.0	367.0
357	644.0	518.0	416.0	370.0	343.0
358	636.0	498.0	412.0	346.0	327.0
359	614.0	479.0	407.0	334.0	332.0
360	633.0	510.0	418.0	350.0	358.0
361	597.0	510.0	390.0	347.0	347.0
362	649.0	529.0	393.0	363.0	348.0
363	635.0	484.0	392.0	342.0	335.0
364	639.0	508.0	424.0	355.0	354.0
365	602.0	506.0	398.0	354.0	342.0
366	596.0	488.0	378.0	349.0	322.0
367	619.0	476.0	397.0	338.0	324.0
368	602.0	464.0	411.0	329.0	337.0
369	581.0	461.0	393.0	322.0	357.0
370	587.0	476.0	375.0	322.0	381.0
371	558.0	458.0	352.0	316.0	401.0
372	611.0	498.0	383.0	345.0	460.0
373	594.0	474.0	376.0	330.0	473.0
374	612.0	482.0	384.0	327.0	482.0
375	594.0	474.0	376.0	324.0	417.0
376	586.0	471.0	375.0	330.0	357.0
377	601.0	465.0	381.0	324.0	339.0
378	563.0	444.0	363.0	303.0	320.0
379	563.0	458.0	358.0	309.0	325.0
380	573.0	494.0	361.0	334.0	344.0
381	619.0	545.0	376.0	365.0	367.0
382	668.0	594.0	395.0	394.0	381.0
383	685.0	622.0	408.0	415.0	364.0
384	766.0	687.0	461.0	467.0	375.0
385	795.0	674.0	483.0	468.0	350.0
386	789.0	537.0	495.0	405.0	323.0
387	742.0	471.0	513.0	336.0	329.0
388	622.0	459.0	483.0	325.0	349.0
389	574.0	452.0	393.0	314.0	336.0
390	601.0	477.0	379.0	323.0	325.0
391	638.0	518.0	393.0	347.0	331.0
392	581.0	488.0	366.0	339.0	316.0
393	593.0	496.0	370.0	346.0	324.0
394	585.0	471.0	365.0	330.0	319.0
395	618.0	481.0	391.0	333.0	335.0
396	605.0	470.0	397.0	329.0	333.0
397	568.0	450.0	373.0	309.0	312.0
398	560.0	456.0	356.0	307.0	309.0
399	604.0	488.0	369.0	331.0	337.0
400	614.0	477.0	380.0	336.0	356.0
401	607.0	446.0	386.0	316.0	351.0
402	548.0	410.0	362.0	282.0	322.0
403	538.0	428.0	351.0	290.0	330.0
404	543.0	448.0	342.0	310.0	347.0
405	544.0	448.0	336.0	311.0	339.0
406	536.0	435.0	332.0	304.0	315.0
407	567.0	445.0	353.0	309.0	324.0
408	606.0	474.0	391.0	330.0	359.0
409	554.0	445.0	357.0	308.0	346.0
410	561.0	462.0	350.0	314.0	349.0
411	562.0	466.0	345.0	321.0	334.0
412	583.0	471.0	367.0	335.0	337.0
413	592.0	465.0	378.0	325.0	330.0
414	569.0	456.0	366.0	312.0	307.0
415	584.0	473.0	368.0	325.0	319.0
416	650.0	516.0	405.0	358.0	363.0
417	673.0	516.0	415.0	354.0	384.0
418	565.0	446.0	365.0	306.0	356.0
419	545.0	446.0	348.0	305.0	375.0
420	579.0	481.0	366.0	334.0	442.0
421	660.0	532.0	404.0	367.0	532.0
422	575.0	448.0	360.0	314.0	576.0
423	578.0	446.0	372.0	310.0	626.0
424	576.0	452.0	378.0	317.0	492.0
425	589.0	454.0	377.0	316.0	407.0
426	537.0	426.0	343.0	289.0	350.0
427	542.0	449.0	341.0	303.0	347.0
428	557.0	476.0	346.0	327.0	372.0
429	562.0	490.0	348.0	335.0	376.0
430	591.0	528.0	358.0	348.0	353.0
431	647.0	612.0	393.0	401.0	351.0
432	710.0	706.0	421.0	458.0	369.0
433	752.0	791.0	445.0	519.0	351.0
434	894.0	812.0	508.0	583.0	353.0
435	986.0	609.0	588.0	480.0	348.0
436	867.0	530.0	669.0	389.0	361.0
437	683.0	491.0	571.0	350.0	369.0
438	600.0	468.0	428.0	322.0	365.0
439	601.0	504.0	395.0	341.0	378.0
440	596.0	503.0	381.0	359.0	384.0
441	608.0	473.0	381.0	340.0	373.0
442	601.0	463.0	397.0	324.0	358.0
443	581.0	465.0	386.0	317.0	344.0
444	598.0	496.0	389.0	344.0	371.0
445	620.0	499.0	388.0	347.0	384.0
446	582.0	467.0	367.0	320.0	373.0
447	614.0	495.0	388.0	338.0	388.0
448	610.0	509.0	387.0	349.0	380.0
449	589.0	497.0	374.0	346.0	366.0
450	612.0	500.0	379.0	346.0	365.0
451	612.0	506.0	393.0	350.0	369.0
452	613.0	508.0	401.0	358.0	379.0
453	633.0	497.0	410.0	352.0	384.0
454	627.0	487.0	406.0	331.0	369.0
455	598.0	495.0	393.0	333.0	367.0
456	624.0	527.0	394.0	359.0	392.0
457	644.0	545.0	399.0	371.0	394.0
458	626.0	510.0	385.0	353.0	372.0
459	636.0	493.0	398.0	342.0	379.0
460	682.0	545.0	447.0	373.0	419.0
461	663.0	541.0	428.0	370.0	411.0
462	622.0	507.0	391.0	344.0	369.0
463	626.0	511.0	396.0	350.0	376.0
464	644.0	525.0	415.0	366.0	387.0
465	673.0	535.0	429.0	370.0	386.0
466	611.0	499.0	396.0	339.0	353.0
467	607.0	509.0	393.0	346.0	347.0
468	648.0	536.0	412.0	373.0	369.0
469	636.0	526.0	408.0	361.0	366.0
470	659.0	543.0	419.0	369.0	373.0
471	648.0	535.0	411.0	366.0	355.0
472	661.0	534.0	427.0	380.0	367.0
473	654.0	514.0	427.0	362.0	367.0
474	636.0	518.0	424.0	357.0	361.0
475	634.0	508.0	408.0	356.0	368.0
476	654.0	517.0	424.0	363.0	386.0
477	634.0	506.0	421.0	353.0	385.0
478	610.0	489.0	395.0	337.0	378.0
479	601.0	490.0	388.0	335.0	378.0
480	629.0	526.0	405.0	362.0	383.0
481	631.0	519.0	398.0	361.0	358.0
482	677.0	529.0	420.0	361.0	354.0
483	609.0	493.0	397.0	336.0	343.0
484	616.0	507.0	402.0	351.0	372.0
485	616.0	501.0	393.0	345.0	388.0
486	629.0	520.0	399.0	351.0	396.0
487	637.0	522.0	400.0	357.0	396.0
488	638.0	522.0	407.0	360.0	401.0
489	632.0	527.0	410.0	364.0	381.0
490	636.0	518.0	402.0	357.0	353.0
491	640.0	500.0	409.0	349.0	348.0
492	665.0	509.0	435.0	356.0	373.0
493	616.0	481.0	413.0	332.0	353.0
494	593.0	485.0	385.0	325.0	332.0
495	607.0	517.0	379.0	344.0	337.0
496	612.0	535.0	380.0	362.0	345.0
497	661.0	559.0	404.0	383.0	373.0
498	668.0	548.0	410.0	371.0	388.0
499	676.0	547.0	430.0	376.0	404.0
500	695.0	536.0	446.0	379.0	437.0
501	660.0	494.0	436.0	347.0	442.0
502	623.0	484.0	419.0	334.0	423.0
503	616.0	495.0	403.0	340.0	412.0
504	613.0	491.0	399.0	347.0	385.0
505	603.0	475.0	389.0	329.0	333.0
506	566.0	454.0	368.0	309.0	297.0
507	581.0	476.0	367.0	320.0	305.0
508	647.0	553.0	402.0	366.0	344.0
509	617.0	552.0	377.0	368.0	335.0
510	650.0	564.0	383.0	375.0	330.0
511	700.0	610.0	418.0	396.0	323.0
512	750.0	642.0	452.0	431.0	327.0
513	801.0	609.0	470.0	423.0	329.0
514	734.0	542.0	468.0	379.0	314.0
515	690.0	489.0	462.0	354.0	323.0
516	671.0	456.0	461.0	329.0	339.0
517	592.0	432.0	427.0	304.0	334.0
518	541.0	422.0	365.0	289.0	327.0
519	524.0	422.0	332.0	288.0	336.0
520	542.0	454.0	343.0	314.0	364.0
521	560.0	462.0	349.0	324.0	365.0
522	561.0	435.0	347.0	304.0	362.0
523	547.0	422.0	352.0	288.0	377.0
524	546.0	439.0	359.0	302.0	408.0
525	546.0	453.0	348.0	311.0	425.0
526	565.0	463.0	341.0	313.0	442.0
527	585.0	466.0	356.0	321.0	439.0
528	556.0	447.0	358.0	313.0	388.0
529	587.0	473.0	373.0	325.0	374.0
530	570.0	473.0	358.0	321.0	341.0
531	588.0	488.0	363.0	336.0	340.0
532	622.0	503.0	389.0	354.0	364.0
533	609.0	505.0	393.0	350.0	376.0
534	600.0	517.0	384.0	355.0	369.0
535	607.0	530.0	378.0	366.0	355.0
536	653.0	567.0	413.0	400.0	378.0
537	652.0	576.0	420.0	406.0	358.0
538	671.0	554.0	431.0	407.0	342.0
539	673.0	498.0	442.0	366.0	326.0
540	677.0	510.0	483.0	366.0	365.0
541	629.0	478.0	439.0	340.0	374.0
542	580.0	455.0	391.0	314.0	358.0
543	549.0	453.0	364.0	312.0	349.0
544	565.0	490.0	367.0	343.0	382.0
545	586.0	490.0	369.0	351.0	392.0
546	598.0	478.0	376.0	332.0	368.0
547	570.0	471.0	381.0	329.0	337.0
548	609.0	490.0	395.0	350.0	367.0
549	607.0	476.0	396.0	338.0	383.0
550	563.0	438.0	370.0	304.0	378.0
551	583.0	479.0	382.0	324.0	396.0
552	571.0	491.0	368.0	342.0	402.0
553	600.0	497.0	373.0	349.0	400.0
554	578.0	470.0	365.0	324.0	377.0
555	585.0	499.0	378.0	338.0	382.0
556	631.0	538.0	398.0	374.0	397.0
557	644.0	508.0	401.0	367.0	407.0
558	630.0	470.0	408.0	329.0	424.0
559	583.0	470.0	401.0	320.0	418.0
560	605.0	519.0	394.0	353.0	416.0
561	594.0	519.0	373.0	361.0	414.0
562	614.0	516.0	379.0	357.0	417.0
563	619.0	520.0	396.0	359.0	430.0
564	659.0	538.0	428.0	381.0	468.0
565	634.0	519.0	415.0	361.0	437.0
566	634.0	517.0	416.0	362.0	426.0
567	627.0	502.0	405.0	351.0	426.0
568	639.0	544.0	428.0	374.0	448.0
569	650.0	582.0	422.0	401.0	462.0
570	654.0	549.0	406.0	393.0	450.0
571	673.0	528.0	432.0	374.0	432.0
572	648.0	549.0	454.0	383.0	423.0
573	671.0	576.0	445.0	403.0	446.0
574	663.0	569.0	422.0	395.0	447.0
575	679.0	595.0	443.0	414.0	462.0
576	719.0	598.0	470.0	431.0	498.0
577	699.0	569.0	470.0	401.0	503.0
578	693.0	582.0	472.0	403.0	501.0
579	683.0	574.0	448.0	400.0	439.0
580	713.0	605.0	471.0	426.0	424.0
581	689.0	586.0	458.0	420.0	417.0
582	695.0	564.0	457.0	405.0	404.0
583	734.0	584.0	490.0	406.0	403.0
584	681.0	588.0	475.0	406.0	402.0
585	690.0	604.0	452.0	419.0	414.0
586	702.0	607.0	446.0	420.0	417.0
587	721.0	623.0	465.0	433.0	441.0
588	734.0	641.0	485.0	457.0	436.0
589	763.0	651.0	505.0	476.0	428.0
590	734.0	563.0	495.0	421.0	420.0
591	730.0	545.0	519.0	386.0	450.0
592	676.0	562.0	498.0	394.0	464.0
593	649.0	538.0	438.0	386.0	447.0
594	669.0	517.0	433.0	366.0	444.0
595	651.0	529.0	443.0	364.0	439.0
596	625.0	538.0	424.0	379.0	459.0
597	647.0	552.0	415.0	388.0	483.0
598	640.0	562.0	414.0	393.0	476.0
599	684.0	571.0	437.0	407.0	462.0
600	709.0	570.0	471.0	406.0	433.0
601	665.0	564.0	461.0	393.0	398.0
602	657.0	580.0	435.0	405.0	402.0
603	711.0	601.0	451.0	426.0	444.0
604	694.0	589.0	466.0	421.0	483.0
605	689.0	587.0	470.0	416.0	500.0
606	713.0	582.0	470.0	408.0	518.0
607	679.0	581.0	456.0	400.0	519.0
608	709.0	626.0	474.0	444.0	519.0
609	741.0	635.0	478.0	454.0	471.0
610	735.0	591.0	487.0	432.0	436.0
611	716.0	540.0	494.0	395.0	439.0
612	697.0	543.0	504.0	384.0	450.0
613	668.0	566.0	471.0	389.0	444.0
614	655.0	583.0	422.0	391.0	402.0
615	690.0	638.0	431.0	431.0	394.0
616	728.0	660.0	455.0	464.0	411.0
617	769.0	681.0	490.0	478.0	439.0
618	762.0	672.0	505.0	479.0	431.0
619	785.0	638.0	518.0	472.0	414.0
620	795.0	600.0	557.0	451.0	438.0
621	769.0	591.0	559.0	421.0	460.0
622	676.0	565.0	491.0	397.0	458.0
623	667.0	568.0	452.0	400.0	472.0
624	733.0	609.0	481.0	427.0	482.0
625	719.0	556.0	470.0	399.0	433.0
626	692.0	528.0	461.0	367.0	377.0
627	643.0	531.0	439.0	363.0	342.0
628	654.0	579.0	431.0	398.0	361.0
629	671.0	587.0	424.0	414.0	371.0
630	685.0	559.0	429.0	388.0	366.0
631	686.0	575.0	458.0	391.0	362.0
632	724.0	627.0	473.0	426.0	379.0
633	715.0	626.0	452.0	426.0	373.0
634	730.0	621.0	457.0	435.0	387.0
635	739.0	568.0	470.0	422.0	388.0
636	780.0	558.0	529.0	422.0	408.0
637	677.0	487.0	501.0	368.0	375.0
638	593.0	448.0	442.0	323.0	360.0
639	571.0	464.0	405.0	321.0	385.0
640	573.0	491.0	382.0	342.0	434.0
641	583.0	496.0	371.0	352.0	453.0
642	579.0	466.0	365.0	334.0	442.0
643	585.0	467.0	384.0	328.0	459.0
644	596.0	497.0	403.0	350.0	497.0
645	607.0	526.0	393.0	367.0	550.0
646	606.0	519.0	381.0	369.0	636.0
647	608.0	492.0	388.0	356.0	790.0
648	642.0	507.0	433.0	364.0	1039.0
649	600.0	485.0	411.0	342.0	1297.0
650	610.0	521.0	402.0	357.0	1559.0
651	610.0	544.0	386.0	374.0	1748.0
652	665.0	589.0	419.0	424.0	1795.0
653	665.0	572.0	431.0	417.0	1546.0
654	941.0	773.0	587.0	525.0	1372.0
655	652.0	600.0	443.0	419.0	989.0
656	721.0	711.0	476.0	480.0	790.0
657	756.0	815.0	475.0	530.0	638.0
658	878.0	1017.0	514.0	648.0	564.0
659	1053.0	1279.0	583.0	813.0	532.0
660	1349.0	1632.0	737.0	1060.0	527.0
661	1649.0	1897.0	892.0	1269.0	465.0
662	1996.0	2101.0	1121.0	1452.0	456.0
663	2283.0	2103.0	1369.0	1544.0	460.0
664	2444.0	1874.0	1602.0	1452.0	473.0
665	2298.0	1550.0	1704.0	1210.0	444.0
666	1985.0	1236.0	1608.0	982.0	464.0
667	1652.0	973.0	1368.0	768.0	492.0
668	1337.0	839.0	1152.0	643.0	487.0
669	1061.0	720.0	891.0	540.0	420.0
670	882.0	649.0	698.0	481.0	395.0
671	804.0	616.0	604.0	466.0	423.0
672	754.0	585.0	555.0	437.0	445.0
673	683.0	570.0	513.0	412.0	433.0
674	678.0	583.0	476.0	420.0	457.0
675	698.0	582.0	468.0	426.0	494.0
676	674.0	561.0	469.0	408.0	487.0
677	690.0	610.0	482.0	425.0	457.0
678	682.0	611.0	454.0	436.0	422.0
679	701.0	568.0	453.0	430.0	441.0
680	708.0	529.0	494.0	397.0	509.0
681	652.0	522.0	492.0	370.0	510.0
682	615.0	541.0	435.0	372.0	469.0
683	653.0	568.0	418.0	398.0	517.0
684	668.0	565.0	433.0	405.0	551.0
685	666.0	586.0	446.0	407.0	509.0
686	669.0	607.0	442.0	429.0	509.0
687	732.0	628.0	466.0	454.0	526.0
688	744.0	593.0	500.0	442.0	505.0
689	746.0	580.0	518.0	409.0	519.0
690	668.0	577.0	479.0	394.0	527.0
691	705.0	666.0	465.0	452.0	570.0
692	727.0	656.0	458.0	479.0	552.0
693	787.0	626.0	502.0	458.0	518.0
694	740.0	645.0	525.0	444.0	491.0
695	706.0	662.0	494.0	481.0	471.0
696	820.0	683.0	525.0	501.0	529.0
697	782.0	668.0	549.0	471.0	525.0
698	762.0	668.0	536.0	480.0	557.0
699	783.0	635.0	519.0	461.0	608.0
700	778.0	664.0	549.0	465.0	601.0
701	759.0	684.0	528.0	480.0	567.0
702	797.0	709.0	515.0	501.0	535.0
703	823.0	693.0	541.0	510.0	496.0
704	817.0	654.0	563.0	480.0	513.0
705	775.0	635.0	567.0	460.0	517.0
706	744.0	615.0	523.0	434.0	512.0
707	748.0	656.0	518.0	451.0	538.0
708	780.0	689.0	518.0	484.0	538.0
709	780.0	706.0	513.0	492.0	508.0
710	782.0	742.0	516.0	523.0	506.0
711	831.0	727.0	537.0	537.0	507.0
712	883.0	735.0	601.0	532.0	517.0
713	846.0	681.0	612.0	503.0	537.0
714	835.0	637.0	589.0	462.0	610.0
715	771.0	647.0	565.0	449.0	589.0
716	766.0	671.0	538.0	483.0	558.0
717	782.0	652.0	514.0	474.0	579.0
718	746.0	643.0	518.0	471.0	600.0
719	748.0	645.0	521.0	477.0	596.0
720	759.0	636.0	534.0	467.0	589.0
721	761.0	654.0	539.0	467.0	628.0
722	740.0	650.0	513.0	466.0	626.0
723	775.0	647.0	515.0	465.0	562.0
724	769.0	672.0	535.0	472.0	496.0
725	759.0	740.0	528.0	522.0	481.0
726	817.0	731.0	522.0	551.0	515.0
727	843.0	683.0	559.0	497.0	563.0
728	820.0	739.0	616.0	511.0	661.0
729	841.0	793.0	579.0	552.0	706.0
730	867.0	757.0	553.0	546.0	633.0
731	899.0	725.0	595.0	518.0	578.0
732	876.0	772.0	632.0	550.0	567.0
733	866.0	780.0	601.0	576.0	546.0
734	886.0	707.0	603.0	543.0	533.0
735	899.0	644.0	646.0	480.0	601.0
736	789.0	623.0	625.0	446.0	663.0
737	737.0	657.0	547.0	460.0	594.0
738	724.0	693.0	484.0	482.0	493.0
739	770.0	787.0	497.0	544.0	481.0
740	850.0	844.0	548.0	623.0	506.0
741	920.0	794.0	599.0	602.0	532.0
742	959.0	777.0	686.0	562.0	629.0
743	890.0	719.0	663.0	514.0	683.0
744	891.0	711.0	640.0	517.0	661.0
745	831.0	656.0	591.0	482.0	586.0
746	793.0	698.0	572.0	495.0	568.0
747	766.0	741.0	540.0	551.0	557.0
748	831.0	706.0	558.0	569.0	575.0
749	828.0	628.0	605.0	479.0	562.0
750	752.0	609.0	608.0	438.0	555.0
751	726.0	629.0	535.0	444.0	501.0
752	754.0	684.0	513.0	477.0	449.0
753	756.0	756.0	505.0	520.0	439.0
754	846.0	841.0	533.0	606.0	497.0
755	878.0	770.0	556.0	594.0	530.0
756	908.0	738.0	649.0	555.0	604.0
757	862.0	728.0	665.0	523.0	631.0
758	833.0	719.0	606.0	509.0	537.0
759	846.0	707.0	579.0	506.0	455.0
760	871.0	693.0	596.0	518.0	474.0
761	827.0	662.0	588.0	503.0	493.0
762	753.0	588.0	562.0	473.0	529.0
763	725.0	532.0	544.0	411.0	604.0
764	688.0	561.0	548.0	405.0	658.0
765	627.0	581.0	464.0	411.0	577.0
766	637.0	623.0	420.0	447.0	521.0
767	708.0	686.0	450.0	497.0	516.0
768	761.0	733.0	511.0	565.0	543.0
769	809.0	662.0	555.0	539.0	599.0
770	776.0	570.0	585.0	439.0	689.0
771	711.0	579.0	578.0	411.0	701.0
772	689.0	614.0	508.0	440.0	639.0
773	689.0	636.0	461.0	455.0	570.0
774	717.0	691.0	475.0	499.0	584.0
775	748.0	715.0	495.0	550.0	615.0
776	806.0	681.0	553.0	549.0	691.0
777	784.0	634.0	597.0	485.0	701.0
778	723.0	613.0	580.0	455.0	596.0
779	726.0	635.0	536.0	462.0	540.0
780	738.0	698.0	528.0	502.0	595.0
781	745.0	787.0	513.0	566.0	631.0
782	819.0	810.0	532.0	630.0	668.0
783	883.0	734.0	594.0	584.0	756.0
784	884.0	693.0	689.0	537.0	735.0
785	808.0	690.0	654.0	509.0	612.0
786	775.0	712.0	584.0	530.0	558.0
787	777.0	744.0	544.0	552.0	542.0
788	816.0	785.0	589.0	625.0	617.0
789	862.0	705.0	614.0	582.0	712.0
790	825.0	644.0	655.0	497.0	711.0
791	1128.0	948.0	817.0	636.0	766.0
792	760.0	752.0	563.0	555.0	586.0
793	828.0	764.0	542.0	566.0	614.0
794	833.0	836.0	589.0	621.0	694.0
795	871.0	804.0	610.0	658.0	800.0
796	926.0	710.0	672.0	589.0	808.0
797	838.0	657.0	717.0	511.0	692.0
798	745.0	635.0	631.0	481.0	622.0
799	719.0	674.0	548.0	490.0	624.0
800	745.0	786.0	543.0	580.0	684.0
801	809.0	793.0	544.0	632.0	786.0
802	864.0	705.0	599.0	579.0	818.0
803	842.0	676.0	675.0	514.0	728.0
804	778.0	723.0	651.0	529.0	656.0
805	773.0	785.0	565.0	565.0	645.0
806	863.0	899.0	579.0	664.0	770.0
807	902.0	863.0	603.0	700.0	934.0
808	964.0	778.0	699.0	654.0	1000.0
809	906.0	725.0	760.0	566.0	827.0
810	807.0	724.0	699.0	544.0	677.0
811	815.0	770.0	616.0	565.0	683.0
812	837.0	873.0	607.0	634.0	797.0
813	895.0	923.0	618.0	713.0	917.0
814	985.0	832.0	663.0	680.0	913.0
815	955.0	737.0	743.0	584.0	825.0
816	903.0	759.0	764.0	568.0	824.0
817	916.0	899.0	705.0	633.0	937.0
818	855.0	1011.0	605.0	719.0	988.0
819	1006.0	1100.0	649.0	862.0	1044.0
820	1172.0	953.0	778.0	815.0	951.0
821	1107.0	787.0	910.0	645.0	797.0
822	922.0	787.0	867.0	579.0	741.0
823	860.0	883.0	706.0	625.0	794.0
824	931.0	1014.0	645.0	744.0	958.0
825	1044.0	1033.0	692.0	814.0	994.0
826	1101.0	942.0	778.0	759.0	904.0
827	1094.0	926.0	873.0	707.0	851.0
828	1024.0	1013.0	851.0	745.0	905.0
829	1026.0	1081.0	772.0	811.0	1041.0
830	1118.0	1131.0	785.0	884.0	1127.0
831	1184.0	1037.0	865.0	860.0	1030.0
832	1187.0	915.0	950.0	758.0	964.0
833	1051.0	859.0	938.0	665.0	1038.0
834	946.0	888.0	814.0	651.0	1223.0
835	943.0	1025.0	719.0	743.0	1260.0
836	1042.0	1081.0	723.0	855.0	1082.0
837	1133.0	1008.0	794.0	821.0	926.0
838	1118.0	952.0	900.0	747.0	848.0
839	1048.0	985.0	883.0	732.0	934.0
840	1073.0	1146.0	837.0	831.0	1109.0
841	1129.0	1224.0	805.0	947.0	1077.0
842	1253.0	1128.0	859.0	933.0	929.0
843	1259.0	1038.0	991.0	830.0	854.0
844	1181.0	1150.0	1034.0	851.0	991.0
845	1183.0	1333.0	936.0	967.0	1160.0
846	1270.0	1356.0	888.0	1104.0	1186.0
847	1428.0	1149.0	993.0	991.0	1042.0
848	1350.0	1042.0	1184.0	875.0	948.0
849	1179.0	954.0	1097.0	759.0	1030.0
850	1054.0	1019.0	937.0	750.0	1155.0
851	1042.0	1173.0	823.0	870.0	1170.0
852	1168.0	1171.0	814.0	959.0	1085.0
853	1264.0	1041.0	926.0	880.0	953.0
854	1175.0	964.0	1009.0	757.0	1002.0
855	1069.0	1049.0	947.0	769.0	1106.0
856	1079.0	1221.0	844.0	912.0	1149.0
857	1186.0	1278.0	822.0	1008.0	1081.0
858	1307.0	1155.0	934.0	972.0	1052.0
859	1306.0	1026.0	1052.0	829.0	1176.0
860	1200.0	1132.0	1083.0	834.0	1277.0
861	1133.0	1255.0	931.0	945.0	1213.0
862	1257.0	1277.0	881.0	1010.0	1084.0
863	1313.0	1170.0	979.0	969.0	1081.0
864	1422.0	1125.0	1134.0	913.0	1195.0
865	1208.0	1088.0	1073.0	824.0	1188.0
866	1093.0	1164.0	938.0	895.0	1114.0
867	1192.0	1205.0	867.0	956.0	1079.0
868	1265.0	1180.0	966.0	970.0	1205.0
869	1259.0	1164.0	1021.0	904.0	1295.0
870	1206.0	1269.0	1017.0	945.0	1241.0
871	1261.0	1353.0	962.0	1049.0	1090.0
872	1415.0	1344.0	1026.0	1090.0	1173.0
873	1430.0	1198.0	1122.0	985.0	1265.0
874	1400.0	1217.0	1181.0	935.0	1347.0
875	1244.0	1200.0	1068.0	945.0	1224.0
876	1258.0	1240.0	993.0	988.0	1240.0
877	1285.0	1209.0	1017.0	996.0	1313.0
878	1297.0	1168.0	1044.0	927.0	1336.0
879	1218.0	1250.0	1048.0	943.0	1213.0
880	1272.0	1367.0	1003.0	1062.0	1160.0
881	1387.0	1336.0	1017.0	1106.0	1204.0
882	1411.0	1167.0	1102.0	983.0	1285.0
883	1309.0	1218.0	1166.0	927.0	1257.0
884	1260.0	1341.0	1091.0	1038.0	1218.0
885	1352.0	1404.0	1004.0	1107.0	1255.0
886	1411.0	1326.0	1075.0	1096.0	1321.0
887	1425.0	1325.0	1152.0	1021.0	1254.0
888	1385.0	1423.0	1192.0	1097.0	1215.0
889	1475.0	1456.0	1122.0	1147.0	1296.0
890	1497.0	1311.0	1151.0	1101.0	1384.0
891	1470.0	1212.0	1207.0	990.0	1333.0
892	1313.0	1235.0	1203.0	986.0	1329.0
893	1260.0	1313.0	1072.0	1041.0	1440.0
894	1297.0	1297.0	1034.0	1093.0	1493.0
895	1381.0	1262.0	1095.0	1037.0	1449.0
896	1323.0	1303.0	1168.0	1037.0	1595.0
897	1309.0	1367.0	1101.0	1088.0	1822.0
898	1367.0	1317.0	1081.0	1109.0	1817.0
899	1396.0	1251.0	1136.0	1032.0	1791.0
900	1324.0	1327.0	1190.0	1044.0	2007.0
901	1308.0	1427.0	1103.0	1129.0	2058.0
902	1414.0	1398.0	1085.0	1167.0	2010.0
903	1447.0	1342.0	1165.0	1095.0	2262.0
904	1400.0	1439.0	1236.0	1143.0	2356.0
905	1445.0	1519.0	1194.0	1248.0	1996.0
906	1488.0	1426.0	1185.0	1217.0	1910.0
907	1476.0	1505.0	1274.0	1198.0	1884.0
908	1464.0	1745.0	1303.0	1397.0	1728.0
909	1600.0	1737.0	1252.0	1509.0	1790.0
910	1719.0	1661.0	1396.0	1425.0	1762.0
911	1638.0	1809.0	1542.0	1488.0	1604.0
912	1680.0	1914.0	1500.0	1655.0	1702.0
913	1797.0	1844.0	1512.0	1616.0	1676.0
914	1803.0	2040.0	1673.0	1673.0	1683.0
915	1790.0	2132.0	1651.0	1880.0	1747.0
916	2034.0	1898.0	1705.0	1805.0	1747.0
917	1965.0	1826.0	1915.0	1558.0	1759.0
918	1753.0	1856.0	1865.0	1582.0	1754.0
919	1794.0	1693.0	1598.0	1484.0	1786.0
920	1818.0	1798.0	1661.0	1439.0	1815.0
921	1681.0	1793.0	1577.0	1510.0	1795.0
922	1813.0	1645.0	1477.0	1414.0	1784.0
923	1716.0	1688.0	1562.0	1344.0	1808.0
924	1656.0	1727.0	1514.0	1440.0	1872.0
925	1739.0	1708.0	1416.0	1385.0	1870.0
926	1718.0	1809.0	1506.0	1450.0	1901.0
927	1761.0	1763.0	1458.0	1460.0	1924.0
928	1854.0	1814.0	1539.0	1473.0	1981.0
929	1808.0	1806.0	1572.0	1483.0	1967.0
930	1808.0	1834.0	1526.0	1476.0	1991.0
931	1814.0	1835.0	1541.0	1505.0	2078.0
932	1938.0	1897.0	1596.0	1532.0	2237.0
933	1858.0	1845.0	1602.0	1516.0	2360.0
934	1883.0	1867.0	1582.0	1495.0	2535.0
935	1830.0	1906.0	1576.0	1536.0	2751.0
936	1924.0	1925.0	1580.0	1563.0	3146.0
937	1945.0	1958.0	1639.0	1588.0	3623.0
938	1988.0	1992.0	1666.0	1607.0	3960.0
939	1983.0	2011.0	1683.0	1641.0	3554.0
940	2041.0	2009.0	1709.0	1656.0	2616.0
941	2019.0	2022.0	1736.0	1650.0	1635.0
942	1999.0	2093.0	1722.0	1687.0	1097.0
943	2027.0	2170.0	1708.0	1749.0	825.0
944	2133.0	2344.0	1772.0	1886.0	714.0
945	2251.0	2527.0	1858.0	2033.0	682.0
946	2410.0	2766.0	1969.0	2196.0	662.0
947	2584.0	3113.0	2104.0	2438.0	641.0
948	2882.0	3580.0	2286.0	2810.0	632.0
949	3273.0	3926.0	2532.0	3186.0	610.0
950	3672.0	3639.0	2875.0	3265.0	578.0
951	3823.0	2790.0	3283.0	2712.0	601.0
952	3581.0	2043.0	3600.0	2007.0	750.0
953	2339.0	1221.0	2927.0	1171.0	648.0
954	1561.0	949.0	2088.0	842.0	731.0
955	1134.0	792.0	1309.0	653.0	902.0
956	962.0	800.0	949.0	616.0	1306.0
957	877.0	768.0	734.0	587.0	1301.0
958	882.0	765.0	662.0	582.0	846.0
959	843.0	726.0	634.0	550.0	683.0
960	861.0	741.0	644.0	557.0	621.0
961	868.0	717.0	631.0	536.0	596.0
962	826.0	726.0	607.0	524.0	603.0
963	803.0	731.0	582.0	536.0	579.0
964	835.0	771.0	581.0	555.0	583.0
965	838.0	875.0	594.0	595.0	539.0
966	915.0	1085.0	599.0	686.0	502.0
967	1063.0	1517.0	634.0	901.0	504.0
968	1400.0	1709.0	747.0	1231.0	497.0
969	1930.0	1108.0	969.0	984.0	467.0
970	1663.0	867.0	1356.0	674.0	455.0
971	1116.0	767.0	1189.0	585.0	468.0
972	970.0	745.0	805.0	544.0	485.0
973	883.0	775.0	687.0	548.0	477.0
974	885.0	745.0	609.0	547.0	493.0
975	869.0	703.0	589.0	514.0	500.0
976	853.0	693.0	621.0	523.0	514.0
977	810.0	632.0	581.0	469.0	495.0
978	769.0	643.0	569.0	458.0	539.0
979	736.0	622.0	527.0	461.0	580.0
980	762.0	592.0	519.0	446.0	543.0
981	722.0	588.0	532.0	430.0	525.0
982	696.0	599.0	495.0	425.0	498.0
983	683.0	587.0	465.0	428.0	474.0
984	727.0	608.0	490.0	442.0	502.0
985	707.0	611.0	489.0	433.0	489.0
986	689.0	612.0	468.0	440.0	505.0
987	712.0	617.0	473.0	453.0	527.0
988	742.0	650.0	509.0	463.0	508.0
989	738.0	695.0	509.0	465.0	449.0
990	784.0	773.0	504.0	515.0	432.0
991	881.0	715.0	523.0	530.0	428.0
992	919.0	661.0	585.0	481.0	447.0
993	797.0	630.0	608.0	467.0	470.0
994	782.0	610.0	547.0	443.0	489.0
995	714.0	599.0	519.0	432.0	501.0
996	733.0	624.0	513.0	455.0	552.0
997	728.0	645.0	498.0	455.0	533.0
998	719.0	660.0	486.0	471.0	506.0
999	742.0	625.0	487.0	470.0	441.0
1000	783.0	592.0	539.0	446.0	412.0
1001	724.0	566.0	540.0	408.0	396.0
1002	673.0	552.0	489.0	394.0	379.0
1003	687.0	575.0	462.0	400.0	393.0
1004	683.0	612.0	462.0	425.0	394.0
1005	690.0	615.0	449.0	437.0	390.0
1006	716.0	631.0	458.0	442.0	405.0
1007	723.0	662.0	482.0	465.0	414.0
1008	781.0	685.0	512.0	498.0	448.0
1009	797.0	666.0	531.0	481.0	434.0
1010	806.0	610.0	552.0	461.0	439.0
1011	771.0	538.0	539.0	392.0	424.0
1012	712.0	547.0	540.0	390.0	456.0
1013	652.0	518.0	460.0	367.0	462.0
1014	637.0	520.0	421.0	361.0	448.0
1015	619.0	498.0	403.0	354.0	391.0
1016	631.0	511.0	414.0	363.0	368.0
1017	632.0	537.0	421.0	375.0	353.0
1018	631.0	538.0	403.0	378.0	346.0
1019	625.0	542.0	401.0	383.0	341.0
1020	681.0	580.0	445.0	415.0	361.0
1021	666.0	564.0	439.0	399.0	344.0
1022	681.0	574.0	449.0	399.0	339.0
1023	675.0	582.0	440.0	393.0	317.0
1024	712.0	626.0	459.0	424.0	321.0
