/* Tiempo de exposicion:	0.9	0.9	0.6	0.6	0.6
/* Numero de Scans	1	1	1	1	1
/* Scans Ignorados	0	0	0	0	0
/* Modo de Adquiquisicion	1 	1 	1 	1 	1 
/* Temperatura del detector	0 	0 	0 	0 	0 
/*Red	1	1	1	1	1
/*Posicion del Contador	800	800	800	800	800
/*Archivo:	barridoP_0005.OMAIII	barridoP_0015.OMAIII	barridoP_0025.OMAIII	barridoP_0035.OMAIII	barridoP_0045.OMAIII
1	60.0	61.0	60.0	60.0	60.0
2	0.0	0.0	0.0	0.0	0.0
3	60.0	69.0	44.0	48.0	47.0
4	155.0	161.0	138.0	138.0	143.0
5	148.0	153.0	132.0	130.0	136.0
6	130.0	138.0	115.0	113.0	117.0
7	131.0	142.0	115.0	116.0	118.0
8	142.0	154.0	126.0	128.0	129.0
9	148.0	159.0	131.0	131.0	133.0
10	130.0	137.0	111.0	111.0	114.0
11	139.0	141.0	117.0	117.0	119.0
12	165.0	167.0	142.0	144.0	144.0
13	144.0	151.0	122.0	128.0	125.0
14	129.0	138.0	107.0	116.0	111.0
15	142.0	152.0	120.0	128.0	126.0
16	161.0	169.0	141.0	142.0	147.0
17	159.0	172.0	141.0	139.0	145.0
18	135.0	152.0	118.0	120.0	121.0
19	162.0	175.0	134.0	141.0	140.0
20	152.0	166.0	135.0	139.0	141.0
21	152.0	169.0	137.0	139.0	143.0
22	147.0	161.0	131.0	134.0	136.0
23	145.0	157.0	127.0	127.0	132.0
24	163.0	175.0	143.0	142.0	147.0
25	163.0	176.0	140.0	141.0	143.0
26	158.0	167.0	128.0	135.0	132.0
27	162.0	169.0	130.0	138.0	135.0
28	168.0	177.0	142.0	148.0	148.0
29	172.0	184.0	147.0	152.0	153.0
30	155.0	171.0	131.0	142.0	137.0
31	152.0	174.0	132.0	140.0	139.0
32	167.0	195.0	151.0	152.0	157.0
33	161.0	191.0	146.0	146.0	152.0
34	153.0	176.0	134.0	135.0	139.0
35	149.0	161.0	128.0	131.0	136.0
36	174.0	187.0	155.0	158.0	160.0
37	175.0	189.0	152.0	158.0	158.0
38	153.0	171.0	131.0	136.0	138.0
39	166.0	184.0	145.0	148.0	151.0
40	176.0	198.0	153.0	155.0	156.0
41	180.0	200.0	147.0	153.0	153.0
42	171.0	191.0	136.0	142.0	143.0
43	173.0	186.0	140.0	150.0	146.0
44	174.0	191.0	153.0	167.0	159.0
45	170.0	194.0	153.0	170.0	161.0
46	162.0	190.0	148.0	158.0	157.0
47	169.0	188.0	156.0	150.0	166.0
48	179.0	194.0	169.0	158.0	175.0
49	182.0	188.0	161.0	158.0	163.0
50	175.0	177.0	140.0	149.0	145.0
51	196.0	202.0	152.0	162.0	160.0
52	192.0	203.0	158.0	169.0	165.0
53	180.0	199.0	157.0	170.0	164.0
54	171.0	189.0	148.0	164.0	157.0
55	178.0	193.0	156.0	164.0	165.0
56	188.0	208.0	171.0	167.0	181.0
57	178.0	202.0	168.0	160.0	172.0
58	165.0	187.0	151.0	156.0	155.0
59	164.0	187.0	149.0	159.0	156.0
60	190.0	201.0	169.0	173.0	180.0
61	186.0	185.0	164.0	161.0	172.0
62	172.0	169.0	150.0	144.0	155.0
63	179.0	175.0	153.0	157.0	159.0
64	193.0	187.0	164.0	179.0	169.0
65	186.0	184.0	154.0	167.0	164.0
66	176.0	190.0	149.0	155.0	157.0
67	180.0	222.0	155.0	158.0	161.0
68	187.0	269.0	167.0	175.0	173.0
69	178.0	344.0	162.0	170.0	168.0
70	161.0	489.0	152.0	158.0	160.0
71	163.0	664.0	158.0	158.0	167.0
72	176.0	847.0	172.0	168.0	179.0
73	167.0	1049.0	163.0	156.0	168.0
74	162.0	1309.0	152.0	146.0	157.0
75	175.0	1640.0	151.0	151.0	156.0
76	202.0	1896.0	155.0	156.0	161.0
77	221.0	1284.0	151.0	154.0	158.0
78	255.0	453.0	149.0	165.0	153.0
79	342.0	234.0	142.0	184.0	149.0
80	475.0	213.0	159.0	224.0	171.0
81	594.0	208.0	169.0	266.0	190.0
82	722.0	194.0	180.0	376.0	209.0
83	905.0	203.0	213.0	544.0	260.0
84	1131.0	220.0	292.0	713.0	394.0
85	1363.0	208.0	405.0	876.0	555.0
86	1263.0	200.0	536.0	1098.0	725.0
87	599.0	190.0	681.0	1384.0	915.0
88	259.0	183.0	851.0	1704.0	1151.0
89	197.0	185.0	1063.0	1566.0	1454.0
90	186.0	182.0	1316.0	681.0	1804.0
91	180.0	177.0	1520.0	255.0	1852.0
92	191.0	193.0	1073.0	190.0	961.0
93	193.0	197.0	395.0	180.0	331.0
94	186.0	192.0	196.0	169.0	193.0
95	188.0	193.0	168.0	169.0	177.0
96	189.0	206.0	177.0	182.0	187.0
97	176.0	209.0	173.0	182.0	182.0
98	162.0	196.0	160.0	169.0	170.0
99	168.0	198.0	167.0	164.0	177.0
100	184.0	206.0	183.0	166.0	192.0
101	174.0	185.0	169.0	156.0	174.0
102	177.0	169.0	154.0	155.0	159.0
103	179.0	160.0	148.0	155.0	156.0
104	195.0	175.0	164.0	171.0	172.0
105	187.0	166.0	157.0	165.0	164.0
106	180.0	158.0	146.0	159.0	153.0
107	187.0	166.0	153.0	163.0	161.0
108	193.0	175.0	164.0	171.0	172.0
109	186.0	166.0	164.0	170.0	170.0
110	164.0	153.0	150.0	158.0	156.0
111	161.0	162.0	157.0	163.0	165.0
112	164.0	177.0	171.0	172.0	179.0
113	161.0	179.0	171.0	163.0	177.0
114	144.0	165.0	154.0	138.0	158.0
115	145.0	168.0	150.0	131.0	152.0
116	165.0	188.0	159.0	145.0	160.0
117	170.0	190.0	149.0	146.0	151.0
118	152.0	175.0	129.0	130.0	130.0
119	150.0	177.0	126.0	133.0	129.0
120	179.0	206.0	152.0	160.0	157.0
121	177.0	202.0	154.0	159.0	159.0
122	154.0	168.0	130.0	130.0	136.0
123	167.0	169.0	143.0	143.0	146.0
124	169.0	155.0	140.0	145.0	143.0
125	183.0	157.0	150.0	160.0	157.0
126	166.0	136.0	134.0	140.0	139.0
127	173.0	140.0	139.0	146.0	144.0
128	181.0	147.0	148.0	155.0	152.0
129	181.0	146.0	149.0	157.0	153.0
130	166.0	131.0	135.0	143.0	140.0
131	171.0	142.0	146.0	152.0	151.0
132	170.0	149.0	156.0	162.0	161.0
133	163.0	154.0	162.0	165.0	166.0
134	135.0	137.0	145.0	143.0	149.0
135	138.0	144.0	154.0	145.0	157.0
136	142.0	150.0	157.0	139.0	159.0
137	148.0	156.0	155.0	133.0	156.0
138	133.0	139.0	131.0	113.0	130.0
139	133.0	142.0	124.0	116.0	123.0
140	151.0	158.0	133.0	133.0	134.0
141	146.0	156.0	123.0	126.0	127.0
142	155.0	165.0	127.0	129.0	130.0
143	130.0	140.0	111.0	112.0	113.0
144	149.0	158.0	127.0	130.0	130.0
145	145.0	152.0	125.0	127.0	128.0
146	134.0	140.0	113.0	114.0	114.0
147	138.0	145.0	117.0	119.0	121.0
148	148.0	154.0	129.0	132.0	133.0
149	143.0	146.0	122.0	125.0	125.0
150	139.0	143.0	116.0	120.0	119.0
151	137.0	143.0	117.0	119.0	120.0
152	149.0	159.0	128.0	131.0	131.0
153	148.0	157.0	125.0	129.0	128.0
154	146.0	156.0	123.0	127.0	126.0
155	140.0	147.0	121.0	125.0	124.0
156	147.0	156.0	130.0	133.0	133.0
157	144.0	153.0	126.0	130.0	130.0
158	130.0	137.0	115.0	117.0	119.0
159	137.0	137.0	122.0	123.0	124.0
160	149.0	141.0	132.0	133.0	135.0
161	144.0	135.0	126.0	126.0	130.0
162	137.0	125.0	116.0	117.0	121.0
163	142.0	129.0	118.0	121.0	120.0
164	154.0	143.0	133.0	140.0	135.0
165	152.0	141.0	128.0	137.0	133.0
166	141.0	131.0	121.0	128.0	126.0
167	138.0	130.0	123.0	126.0	128.0
168	147.0	143.0	138.0	138.0	143.0
169	138.0	137.0	133.0	136.0	136.0
170	131.0	133.0	125.0	125.0	129.0
171	129.0	133.0	125.0	122.0	130.0
172	137.0	140.0	134.0	125.0	136.0
173	133.0	136.0	125.0	117.0	127.0
174	126.0	128.0	114.0	110.0	115.0
175	127.0	130.0	110.0	110.0	112.0
176	142.0	146.0	122.0	125.0	125.0
177	136.0	139.0	118.0	120.0	120.0
178	120.0	123.0	103.0	106.0	107.0
179	130.0	131.0	110.0	113.0	112.0
180	138.0	141.0	121.0	123.0	123.0
181	135.0	138.0	119.0	120.0	122.0
182	137.0	138.0	116.0	117.0	119.0
183	128.0	130.0	111.0	112.0	113.0
184	143.0	144.0	122.0	126.0	125.0
185	133.0	134.0	114.0	117.0	117.0
186	125.0	126.0	107.0	108.0	109.0
187	128.0	129.0	110.0	113.0	113.0
188	137.0	139.0	120.0	123.0	123.0
189	136.0	139.0	120.0	123.0	122.0
190	123.0	126.0	107.0	109.0	110.0
191	125.0	129.0	110.0	109.0	113.0
192	147.0	151.0	129.0	128.0	130.0
193	132.0	137.0	115.0	117.0	117.0
194	126.0	132.0	107.0	109.0	110.0
195	133.0	138.0	113.0	115.0	117.0
196	139.0	144.0	123.0	123.0	124.0
197	134.0	137.0	117.0	119.0	119.0
198	127.0	129.0	108.0	111.0	110.0
199	140.0	143.0	119.0	120.0	122.0
200	140.0	144.0	123.0	122.0	126.0
201	137.0	141.0	119.0	119.0	121.0
202	129.0	131.0	108.0	111.0	110.0
203	130.0	130.0	109.0	112.0	111.0
204	145.0	146.0	125.0	128.0	128.0
205	144.0	145.0	123.0	126.0	125.0
206	131.0	132.0	111.0	114.0	113.0
207	129.0	131.0	112.0	113.0	114.0
208	139.0	142.0	122.0	123.0	125.0
209	135.0	137.0	118.0	120.0	121.0
210	129.0	130.0	111.0	112.0	114.0
211	132.0	134.0	116.0	114.0	118.0
212	141.0	143.0	124.0	125.0	127.0
213	137.0	140.0	118.0	120.0	120.0
214	125.0	128.0	107.0	110.0	110.0
215	129.0	133.0	112.0	113.0	114.0
216	135.0	138.0	120.0	119.0	122.0
217	139.0	143.0	122.0	123.0	124.0
218	127.0	130.0	108.0	110.0	110.0
219	157.0	160.0	129.0	131.0	131.0
220	141.0	147.0	123.0	125.0	125.0
221	139.0	146.0	121.0	122.0	124.0
222	127.0	133.0	109.0	110.0	112.0
223	125.0	129.0	108.0	109.0	110.0
224	136.0	138.0	118.0	120.0	119.0
225	139.0	141.0	120.0	121.0	122.0
226	131.0	130.0	111.0	113.0	113.0
227	138.0	137.0	115.0	118.0	118.0
228	140.0	139.0	120.0	122.0	123.0
229	140.0	138.0	118.0	120.0	121.0
230	130.0	129.0	110.0	111.0	111.0
231	131.0	129.0	110.0	112.0	112.0
232	140.0	142.0	122.0	124.0	124.0
233	139.0	142.0	122.0	125.0	124.0
234	125.0	130.0	109.0	113.0	112.0
235	130.0	137.0	115.0	117.0	118.0
236	137.0	145.0	123.0	121.0	126.0
237	134.0	145.0	121.0	118.0	122.0
238	131.0	145.0	113.0	113.0	116.0
239	130.0	146.0	112.0	112.0	114.0
240	140.0	156.0	122.0	123.0	124.0
241	135.0	154.0	117.0	119.0	118.0
242	125.0	144.0	105.0	108.0	108.0
243	129.0	150.0	109.0	111.0	111.0
244	145.0	161.0	123.0	126.0	126.0
245	141.0	149.0	120.0	122.0	122.0
246	130.0	129.0	108.0	111.0	111.0
247	132.0	127.0	109.0	113.0	112.0
248	148.0	140.0	123.0	128.0	126.0
249	148.0	137.0	121.0	127.0	125.0
250	134.0	125.0	110.0	116.0	113.0
251	145.0	133.0	119.0	128.0	124.0
252	154.0	141.0	128.0	135.0	134.0
253	149.0	137.0	125.0	132.0	131.0
254	143.0	132.0	122.0	130.0	127.0
255	133.0	129.0	121.0	129.0	128.0
256	143.0	144.0	137.0	142.0	145.0
257	130.0	132.0	129.0	129.0	135.0
258	125.0	128.0	125.0	116.0	130.0
259	129.0	130.0	126.0	113.0	130.0
260	135.0	138.0	128.0	120.0	131.0
261	136.0	138.0	121.0	117.0	122.0
262	131.0	132.0	111.0	111.0	112.0
263	128.0	130.0	109.0	110.0	110.0
264	143.0	145.0	123.0	125.0	125.0
265	136.0	138.0	117.0	120.0	120.0
266	124.0	126.0	107.0	105.0	108.0
267	134.0	137.0	116.0	117.0	117.0
268	144.0	146.0	125.0	125.0	126.0
269	141.0	144.0	122.0	122.0	124.0
270	127.0	129.0	108.0	109.0	110.0
271	128.0	129.0	109.0	111.0	111.0
272	143.0	144.0	122.0	125.0	125.0
273	133.0	135.0	115.0	118.0	117.0
274	145.0	146.0	121.0	121.0	122.0
275	131.0	133.0	111.0	113.0	113.0
276	138.0	141.0	119.0	121.0	123.0
277	132.0	134.0	113.0	115.0	115.0
278	132.0	135.0	112.0	113.0	113.0
279	127.0	131.0	109.0	110.0	109.0
280	143.0	147.0	123.0	124.0	125.0
281	140.0	144.0	121.0	122.0	122.0
282	127.0	132.0	108.0	109.0	110.0
283	128.0	131.0	111.0	110.0	112.0
284	140.0	143.0	122.0	122.0	124.0
285	140.0	142.0	122.0	122.0	124.0
286	126.0	128.0	107.0	108.0	110.0
287	133.0	136.0	112.0	114.0	114.0
288	139.0	144.0	120.0	121.0	123.0
289	138.0	140.0	119.0	120.0	121.0
290	130.0	132.0	110.0	110.0	112.0
291	138.0	138.0	116.0	117.0	118.0
292	141.0	144.0	123.0	124.0	124.0
293	134.0	137.0	115.0	117.0	116.0
294	126.0	130.0	109.0	111.0	110.0
295	131.0	134.0	113.0	114.0	114.0
296	142.0	146.0	124.0	124.0	126.0
297	136.0	142.0	119.0	119.0	121.0
298	128.0	134.0	108.0	110.0	110.0
299	131.0	136.0	111.0	112.0	113.0
300	143.0	147.0	124.0	126.0	126.0
301	140.0	143.0	123.0	124.0	124.0
302	124.0	127.0	106.0	108.0	109.0
303	128.0	131.0	110.0	111.0	112.0
304	143.0	146.0	125.0	126.0	126.0
305	140.0	143.0	121.0	122.0	123.0
306	131.0	134.0	110.0	111.0	113.0
307	139.0	142.0	117.0	118.0	118.0
308	150.0	154.0	127.0	128.0	129.0
309	140.0	148.0	119.0	122.0	120.0
310	127.0	133.0	107.0	111.0	109.0
311	128.0	132.0	111.0	115.0	114.0
312	145.0	147.0	129.0	131.0	131.0
313	143.0	143.0	127.0	125.0	128.0
314	130.0	127.0	113.0	110.0	116.0
315	135.0	132.0	117.0	115.0	117.0
316	147.0	143.0	125.0	125.0	127.0
317	145.0	141.0	122.0	125.0	123.0
318	136.0	131.0	112.0	114.0	113.0
319	138.0	132.0	114.0	116.0	116.0
320	143.0	141.0	124.0	127.0	125.0
321	142.0	141.0	124.0	129.0	127.0
322	131.0	134.0	115.0	120.0	119.0
323	129.0	133.0	118.0	116.0	121.0
324	144.0	147.0	133.0	128.0	136.0
325	137.0	140.0	125.0	120.0	126.0
326	128.0	130.0	112.0	109.0	112.0
327	130.0	134.0	113.0	112.0	113.0
328	145.0	148.0	126.0	127.0	128.0
329	153.0	156.0	129.0	130.0	131.0
330	129.0	132.0	110.0	111.0	112.0
331	129.0	131.0	109.0	111.0	112.0
332	147.0	150.0	126.0	127.0	128.0
333	140.0	142.0	119.0	122.0	121.0
334	133.0	134.0	112.0	113.0	114.0
335	128.0	130.0	110.0	112.0	111.0
336	141.0	142.0	122.0	125.0	124.0
337	139.0	140.0	121.0	123.0	124.0
338	132.0	131.0	112.0	113.0	114.0
339	124.0	124.0	107.0	107.0	109.0
340	140.0	142.0	124.0	124.0	126.0
341	143.0	147.0	123.0	125.0	125.0
342	125.0	133.0	108.0	110.0	111.0
343	130.0	140.0	112.0	113.0	115.0
344	142.0	157.0	124.0	125.0	127.0
345	141.0	164.0	123.0	125.0	126.0
346	130.0	161.0	112.0	112.0	114.0
347	126.0	158.0	110.0	110.0	112.0
348	140.0	156.0	124.0	125.0	126.0
349	135.0	142.0	118.0	120.0	121.0
350	129.0	132.0	110.0	111.0	113.0
351	133.0	132.0	112.0	112.0	113.0
352	149.0	145.0	125.0	127.0	127.0
353	152.0	144.0	124.0	126.0	126.0
354	141.0	129.0	109.0	112.0	111.0
355	146.0	128.0	108.0	113.0	109.0
356	169.0	144.0	125.0	133.0	128.0
357	157.0	139.0	123.0	134.0	126.0
358	136.0	128.0	114.0	130.0	117.0
359	130.0	128.0	120.0	137.0	123.0
360	146.0	147.0	141.0	149.0	148.0
361	136.0	136.0	140.0	128.0	147.0
362	130.0	130.0	135.0	114.0	138.0
363	130.0	128.0	126.0	113.0	125.0
364	144.0	144.0	131.0	126.0	131.0
365	136.0	137.0	120.0	118.0	120.0
366	128.0	128.0	110.0	111.0	111.0
367	128.0	128.0	109.0	110.0	111.0
368	141.0	142.0	123.0	124.0	125.0
369	140.0	139.0	123.0	123.0	125.0
370	130.0	131.0	112.0	112.0	114.0
371	126.0	128.0	111.0	111.0	111.0
372	143.0	146.0	126.0	126.0	128.0
373	134.0	136.0	117.0	117.0	120.0
374	131.0	133.0	112.0	112.0	113.0
375	130.0	132.0	111.0	111.0	113.0
376	140.0	144.0	122.0	123.0	124.0
377	135.0	139.0	116.0	118.0	118.0
378	123.0	127.0	105.0	105.0	106.0
379	127.0	129.0	109.0	110.0	111.0
380	138.0	141.0	120.0	122.0	122.0
381	140.0	142.0	121.0	121.0	122.0
382	134.0	137.0	112.0	114.0	115.0
383	131.0	133.0	111.0	111.0	113.0
384	149.0	150.0	128.0	129.0	129.0
385	142.0	144.0	122.0	122.0	122.0
386	129.0	130.0	109.0	110.0	109.0
387	129.0	131.0	109.0	110.0	109.0
388	142.0	145.0	123.0	125.0	125.0
389	136.0	140.0	120.0	119.0	121.0
390	133.0	135.0	113.0	115.0	115.0
391	142.0	144.0	120.0	122.0	122.0
392	142.0	143.0	124.0	124.0	126.0
393	137.0	138.0	119.0	119.0	121.0
394	124.0	126.0	108.0	107.0	109.0
395	134.0	133.0	112.0	115.0	115.0
396	143.0	143.0	125.0	127.0	127.0
397	133.0	133.0	115.0	116.0	117.0
398	126.0	126.0	106.0	108.0	109.0
399	132.0	133.0	111.0	114.0	113.0
400	143.0	144.0	124.0	127.0	127.0
401	140.0	142.0	123.0	125.0	124.0
402	125.0	127.0	110.0	110.0	112.0
403	130.0	132.0	115.0	113.0	116.0
404	142.0	143.0	127.0	124.0	128.0
405	134.0	137.0	118.0	117.0	119.0
406	124.0	126.0	106.0	107.0	108.0
407	130.0	132.0	113.0	111.0	113.0
408	149.0	150.0	130.0	131.0	131.0
409	136.0	137.0	117.0	119.0	119.0
410	129.0	130.0	110.0	110.0	111.0
411	130.0	132.0	110.0	111.0	111.0
412	144.0	146.0	125.0	126.0	127.0
413	141.0	143.0	120.0	122.0	123.0
414	126.0	129.0	109.0	109.0	111.0
415	134.0	135.0	113.0	115.0	115.0
416	152.0	154.0	130.0	132.0	133.0
417	150.0	153.0	129.0	129.0	131.0
418	128.0	130.0	110.0	112.0	112.0
419	126.0	129.0	109.0	111.0	111.0
420	143.0	147.0	126.0	126.0	128.0
421	149.0	151.0	128.0	128.0	130.0
422	128.0	129.0	109.0	108.0	111.0
423	129.0	133.0	111.0	111.0	112.0
424	143.0	147.0	124.0	126.0	126.0
425	143.0	147.0	123.0	125.0	125.0
426	126.0	129.0	107.0	109.0	110.0
427	129.0	132.0	110.0	112.0	112.0
428	142.0	145.0	124.0	125.0	126.0
429	136.0	139.0	120.0	120.0	122.0
430	127.0	130.0	110.0	108.0	111.0
431	135.0	139.0	114.0	115.0	117.0
432	148.0	154.0	127.0	128.0	130.0
433	138.0	154.0	119.0	122.0	121.0
434	134.0	171.0	113.0	114.0	115.0
435	131.0	221.0	112.0	114.0	113.0
436	143.0	362.0	124.0	127.0	126.0
437	141.0	518.0	122.0	124.0	124.0
438	128.0	698.0	109.0	111.0	113.0
439	132.0	996.0	113.0	114.0	117.0
440	143.0	1414.0	126.0	128.0	130.0
441	136.0	1540.0	117.0	117.0	120.0
442	133.0	864.0	113.0	113.0	114.0
443	141.0	405.0	111.0	113.0	112.0
444	177.0	233.0	127.0	130.0	129.0
445	227.0	175.0	124.0	129.0	126.0
446	317.0	147.0	110.0	124.0	113.0
447	446.0	149.0	116.0	153.0	119.0
448	614.0	157.0	130.0	224.0	137.0
449	854.0	151.0	136.0	349.0	152.0
450	1120.0	141.0	153.0	490.0	193.0
451	1044.0	142.0	230.0	686.0	325.0
452	538.0	151.0	365.0	1011.0	500.0
453	292.0	151.0	505.0	1388.0	700.0
454	175.0	140.0	686.0	1332.0	992.0
455	147.0	142.0	1000.0	658.0	1428.0
456	156.0	154.0	1279.0	332.0	1607.0
457	151.0	152.0	979.0	189.0	924.0
458	134.0	133.0	441.0	133.0	411.0
459	135.0	133.0	231.0	125.0	211.0
460	158.0	157.0	168.0	143.0	165.0
461	152.0	152.0	143.0	139.0	147.0
462	134.0	132.0	121.0	122.0	127.0
463	135.0	132.0	121.0	121.0	126.0
464	153.0	150.0	138.0	137.0	143.0
465	149.0	148.0	134.0	134.0	137.0
466	133.0	132.0	118.0	120.0	123.0
467	131.0	132.0	118.0	121.0	121.0
468	149.0	149.0	133.0	135.0	138.0
469	141.0	140.0	126.0	126.0	130.0
470	135.0	137.0	122.0	121.0	126.0
471	131.0	134.0	118.0	117.0	122.0
472	145.0	147.0	131.0	131.0	134.0
473	141.0	144.0	127.0	128.0	131.0
474	132.0	135.0	117.0	117.0	121.0
475	131.0	134.0	115.0	115.0	119.0
476	146.0	149.0	130.0	130.0	132.0
477	144.0	145.0	127.0	128.0	129.0
478	131.0	133.0	114.0	115.0	117.0
479	133.0	136.0	115.0	116.0	118.0
480	147.0	150.0	129.0	130.0	133.0
481	143.0	144.0	124.0	125.0	127.0
482	137.0	141.0	117.0	119.0	119.0
483	131.0	135.0	115.0	116.0	118.0
484	143.0	147.0	127.0	128.0	130.0
485	138.0	141.0	122.0	123.0	125.0
486	134.0	137.0	116.0	117.0	120.0
487	134.0	136.0	115.0	116.0	118.0
488	143.0	147.0	127.0	128.0	129.0
489	140.0	144.0	122.0	123.0	126.0
490	131.0	133.0	112.0	113.0	115.0
491	133.0	134.0	114.0	115.0	116.0
492	148.0	150.0	127.0	129.0	131.0
493	142.0	147.0	125.0	128.0	128.0
494	131.0	134.0	112.0	114.0	116.0
495	134.0	137.0	116.0	118.0	118.0
496	143.0	146.0	126.0	129.0	129.0
497	144.0	147.0	126.0	126.0	128.0
498	131.0	136.0	113.0	113.0	116.0
499	136.0	139.0	116.0	117.0	120.0
500	147.0	150.0	129.0	130.0	132.0
501	138.0	143.0	121.0	122.0	124.0
502	132.0	136.0	115.0	115.0	117.0
503	135.0	139.0	117.0	119.0	120.0
504	149.0	154.0	131.0	133.0	135.0
505	143.0	145.0	124.0	125.0	127.0
506	128.0	131.0	110.0	112.0	113.0
507	133.0	136.0	115.0	116.0	117.0
508	153.0	158.0	132.0	134.0	135.0
509	143.0	148.0	125.0	127.0	129.0
510	131.0	137.0	112.0	114.0	116.0
511	134.0	139.0	114.0	116.0	118.0
512	147.0	152.0	128.0	129.0	131.0
513	145.0	151.0	126.0	128.0	130.0
514	129.0	134.0	111.0	112.0	114.0
515	128.0	133.0	110.0	111.0	113.0
516	144.0	150.0	126.0	128.0	129.0
517	144.0	149.0	126.0	128.0	128.0
518	131.0	136.0	113.0	114.0	116.0
519	130.0	134.0	111.0	112.0	114.0
520	147.0	148.0	128.0	129.0	131.0
521	144.0	147.0	126.0	128.0	129.0
522	133.0	135.0	114.0	117.0	117.0
523	131.0	132.0	113.0	116.0	116.0
524	143.0	144.0	126.0	128.0	129.0
525	144.0	145.0	128.0	129.0	131.0
526	133.0	133.0	114.0	117.0	117.0
527	137.0	138.0	119.0	120.0	121.0
528	145.0	146.0	129.0	131.0	132.0
529	145.0	147.0	127.0	129.0	131.0
530	133.0	139.0	117.0	118.0	121.0
531	135.0	148.0	117.0	119.0	121.0
532	150.0	187.0	133.0	135.0	136.0
533	143.0	235.0	127.0	129.0	131.0
534	134.0	289.0	117.0	117.0	121.0
535	132.0	378.0	116.0	115.0	119.0
536	149.0	552.0	133.0	133.0	135.0
537	141.0	737.0	123.0	124.0	126.0
538	134.0	667.0	116.0	117.0	118.0
539	132.0	363.0	113.0	115.0	116.0
540	152.0	247.0	130.0	131.0	132.0
541	154.0	181.0	123.0	126.0	126.0
542	160.0	146.0	112.0	114.0	115.0
543	203.0	141.0	112.0	116.0	114.0
544	271.0	158.0	129.0	142.0	131.0
545	337.0	164.0	125.0	161.0	127.0
546	451.0	181.0	117.0	205.0	124.0
547	566.0	260.0	127.0	272.0	144.0
548	476.0	424.0	173.0	381.0	215.0
549	280.0	599.0	221.0	536.0	283.0
550	185.0	840.0	269.0	696.0	360.0
551	157.0	1292.0	365.0	594.0	516.0
552	153.0	1548.0	530.0	327.0	747.0
553	150.0	975.0	629.0	206.0	748.0
554	136.0	458.0	426.0	141.0	407.0
555	150.0	264.0	240.0	128.0	236.0
556	188.0	197.0	179.0	138.0	175.0
557	256.0	170.0	145.0	138.0	147.0
558	353.0	149.0	123.0	135.0	127.0
559	495.0	147.0	121.0	162.0	126.0
560	719.0	160.0	135.0	249.0	145.0
561	1046.0	156.0	147.0	384.0	166.0
562	1105.0	142.0	165.0	541.0	217.0
563	635.0	141.0	258.0	802.0	360.0
564	360.0	158.0	402.0	1240.0	550.0
565	220.0	147.0	557.0	1387.0	784.0
566	162.0	139.0	817.0	807.0	1201.0
567	145.0	137.0	1174.0	393.0	1558.0
568	156.0	151.0	1117.0	240.0	1120.0
569	154.0	151.0	571.0	168.0	526.0
570	140.0	136.0	300.0	134.0	283.0
571	139.0	137.0	182.0	128.0	175.0
572	148.0	147.0	152.0	137.0	154.0
573	149.0	147.0	139.0	137.0	143.0
574	138.0	137.0	124.0	126.0	130.0
575	137.0	136.0	123.0	122.0	129.0
576	155.0	154.0	142.0	141.0	147.0
577	143.0	144.0	131.0	131.0	136.0
578	135.0	137.0	121.0	122.0	126.0
579	134.0	135.0	120.0	121.0	124.0
580	149.0	150.0	134.0	134.0	139.0
581	141.0	141.0	127.0	126.0	130.0
582	130.0	131.0	114.0	114.0	118.0
583	139.0	139.0	121.0	123.0	124.0
584	146.0	146.0	129.0	131.0	133.0
585	142.0	142.0	123.0	126.0	128.0
586	131.0	134.0	116.0	117.0	118.0
587	132.0	136.0	116.0	116.0	119.0
588	142.0	151.0	127.0	127.0	131.0
589	146.0	158.0	129.0	129.0	133.0
590	129.0	142.0	112.0	114.0	116.0
591	133.0	140.0	116.0	117.0	118.0
592	147.0	149.0	130.0	131.0	133.0
593	136.0	138.0	119.0	121.0	123.0
594	131.0	133.0	114.0	116.0	116.0
595	133.0	135.0	115.0	116.0	117.0
596	142.0	143.0	125.0	125.0	127.0
597	142.0	142.0	122.0	122.0	125.0
598	133.0	132.0	110.0	111.0	113.0
599	141.0	135.0	113.0	116.0	116.0
600	159.0	153.0	133.0	138.0	136.0
601	142.0	141.0	121.0	127.0	124.0
602	131.0	134.0	113.0	122.0	117.0
603	134.0	141.0	118.0	124.0	123.0
604	143.0	153.0	132.0	130.0	137.0
605	138.0	149.0	129.0	122.0	133.0
606	133.0	141.0	122.0	116.0	123.0
607	126.0	130.0	111.0	110.0	112.0
608	147.0	148.0	129.0	130.0	131.0
609	144.0	143.0	124.0	126.0	127.0
610	131.0	133.0	112.0	114.0	114.0
611	132.0	132.0	112.0	114.0	115.0
612	148.0	149.0	128.0	129.0	130.0
613	148.0	149.0	125.0	126.0	128.0
614	136.0	138.0	111.0	113.0	113.0
615	138.0	145.0	113.0	117.0	116.0
616	148.0	166.0	127.0	132.0	130.0
617	144.0	168.0	126.0	132.0	128.0
618	128.0	144.0	113.0	119.0	118.0
619	128.0	136.0	116.0	116.0	120.0
620	145.0	150.0	134.0	130.0	138.0
621	144.0	149.0	131.0	126.0	134.0
622	130.0	131.0	115.0	112.0	116.0
623	134.0	133.0	114.0	114.0	116.0
624	155.0	152.0	130.0	132.0	131.0
625	152.0	143.0	122.0	125.0	125.0
626	147.0	133.0	112.0	117.0	114.0
627	146.0	130.0	110.0	116.0	112.0
628	154.0	147.0	128.0	138.0	132.0
629	142.0	141.0	122.0	137.0	127.0
630	129.0	130.0	115.0	129.0	121.0
631	131.0	132.0	122.0	122.0	128.0
632	148.0	150.0	146.0	135.0	151.0
633	136.0	140.0	135.0	123.0	135.0
634	128.0	131.0	117.0	113.0	119.0
635	125.0	128.0	111.0	109.0	114.0
636	149.0	153.0	131.0	129.0	134.0
637	141.0	143.0	123.0	123.0	125.0
638	129.0	133.0	112.0	114.0	115.0
639	128.0	133.0	110.0	112.0	112.0
640	145.0	148.0	125.0	127.0	127.0
641	140.0	144.0	122.0	123.0	124.0
642	126.0	130.0	110.0	111.0	112.0
643	128.0	131.0	110.0	113.0	113.0
644	146.0	148.0	128.0	129.0	131.0
645	141.0	143.0	123.0	124.0	125.0
646	131.0	132.0	112.0	113.0	115.0
647	128.0	131.0	111.0	113.0	114.0
648	149.0	152.0	130.0	133.0	133.0
649	139.0	141.0	120.0	123.0	124.0
650	138.0	139.0	119.0	119.0	121.0
651	128.0	128.0	109.0	111.0	112.0
652	150.0	151.0	131.0	134.0	134.0
653	140.0	143.0	122.0	125.0	126.0
654	173.0	178.0	142.0	142.0	146.0
655	126.0	128.0	110.0	110.0	112.0
656	149.0	152.0	132.0	132.0	135.0
657	136.0	138.0	120.0	120.0	122.0
658	134.0	136.0	116.0	116.0	119.0
659	129.0	133.0	111.0	112.0	113.0
660	152.0	158.0	134.0	136.0	136.0
661	138.0	145.0	121.0	123.0	124.0
662	130.0	136.0	111.0	113.0	115.0
663	126.0	130.0	110.0	110.0	112.0
664	147.0	151.0	129.0	130.0	133.0
665	136.0	140.0	118.0	119.0	122.0
666	128.0	134.0	111.0	112.0	113.0
667	131.0	136.0	112.0	114.0	115.0
668	153.0	157.0	133.0	136.0	135.0
669	140.0	145.0	121.0	122.0	123.0
670	132.0	134.0	112.0	112.0	115.0
671	135.0	136.0	112.0	114.0	115.0
672	146.0	149.0	125.0	128.0	128.0
673	136.0	139.0	118.0	121.0	120.0
674	132.0	135.0	113.0	116.0	115.0
675	136.0	138.0	117.0	120.0	120.0
676	140.0	144.0	125.0	125.0	129.0
677	143.0	146.0	124.0	124.0	127.0
678	132.0	136.0	114.0	114.0	117.0
679	129.0	132.0	110.0	113.0	114.0
680	144.0	147.0	126.0	128.0	128.0
681	140.0	143.0	122.0	123.0	125.0
682	130.0	133.0	111.0	113.0	114.0
683	133.0	137.0	115.0	116.0	118.0
684	145.0	150.0	128.0	129.0	131.0
685	137.0	145.0	120.0	122.0	123.0
686	130.0	139.0	113.0	114.0	116.0
687	138.0	144.0	118.0	119.0	120.0
688	148.0	154.0	130.0	131.0	132.0
689	143.0	148.0	124.0	126.0	127.0
690	131.0	136.0	113.0	115.0	116.0
691	139.0	144.0	118.0	120.0	122.0
692	147.0	152.0	129.0	130.0	131.0
693	145.0	148.0	125.0	126.0	128.0
694	134.0	139.0	114.0	116.0	117.0
695	133.0	137.0	113.0	114.0	115.0
696	161.0	174.0	135.0	139.0	140.0
697	144.0	196.0	122.0	126.0	126.0
698	138.0	322.0	119.0	122.0	122.0
699	134.0	566.0	116.0	121.0	121.0
700	149.0	906.0	132.0	135.0	135.0
701	141.0	1454.0	124.0	124.0	127.0
702	139.0	2280.0	122.0	120.0	125.0
703	138.0	2102.0	119.0	119.0	121.0
704	149.0	995.0	131.0	133.0	135.0
705	144.0	522.0	122.0	124.0	125.0
706	145.0	294.0	115.0	117.0	118.0
707	179.0	197.0	117.0	120.0	120.0
708	302.0	184.0	132.0	137.0	135.0
709	485.0	168.0	126.0	138.0	130.0
710	733.0	157.0	116.0	159.0	121.0
711	1165.0	155.0	119.0	271.0	126.0
712	1804.0	171.0	147.0	496.0	166.0
713	1531.0	158.0	174.0	771.0	237.0
714	727.0	156.0	302.0	1264.0	446.0
715	413.0	155.0	504.0	2041.0	721.0
716	263.0	191.0	807.0	1942.0	1175.0
717	186.0	252.0	1328.0	911.0	1971.0
718	154.0	472.0	1930.0	468.0	2349.0
719	154.0	883.0	1425.0	270.0	1261.0
720	161.0	1454.0	661.0	185.0	617.0
721	156.0	2444.0	375.0	153.0	349.0
722	145.0	3743.0	212.0	135.0	198.0
723	145.0	2958.0	153.0	134.0	156.0
724	161.0	1316.0	154.0	151.0	160.0
725	157.0	707.0	142.0	142.0	148.0
726	165.0	363.0	132.0	132.0	140.0
727	215.0	222.0	130.0	130.0	135.0
728	419.0	203.0	140.0	146.0	147.0
729	735.0	190.0	140.0	160.0	146.0
730	1168.0	168.0	127.0	200.0	134.0
731	1958.0	162.0	130.0	401.0	144.0
732	2927.0	170.0	164.0	782.0	198.0
733	2132.0	163.0	227.0	1276.0	342.0
734	989.0	154.0	446.0	2153.0	705.0
735	546.0	157.0	789.0	3405.0	1189.0
736	311.0	170.0	1303.0	2796.0	2000.0
737	208.0	163.0	2221.0	1252.0	3386.0
738	175.0	148.0	3100.0	661.0	3628.0
739	163.0	143.0	1971.0	338.0	1758.0
740	172.0	158.0	934.0	218.0	894.0
741	164.0	151.0	503.0	177.0	467.0
742	154.0	146.0	264.0	159.0	248.0
743	147.0	139.0	176.0	148.0	181.0
744	162.0	155.0	171.0	159.0	179.0
745	152.0	147.0	153.0	144.0	162.0
746	151.0	144.0	146.0	139.0	153.0
747	144.0	139.0	138.0	133.0	143.0
748	159.0	155.0	148.0	149.0	155.0
749	149.0	147.0	137.0	141.0	144.0
750	141.0	140.0	130.0	132.0	137.0
751	138.0	137.0	128.0	127.0	135.0
752	154.0	154.0	146.0	143.0	152.0
753	145.0	145.0	134.0	133.0	140.0
754	145.0	146.0	131.0	130.0	136.0
755	135.0	135.0	121.0	121.0	126.0
756	152.0	152.0	138.0	137.0	141.0
757	144.0	145.0	130.0	129.0	133.0
758	135.0	135.0	119.0	121.0	123.0
759	131.0	132.0	115.0	117.0	118.0
760	149.0	150.0	132.0	133.0	136.0
761	141.0	142.0	124.0	125.0	127.0
762	135.0	137.0	119.0	121.0	123.0
763	132.0	133.0	117.0	117.0	120.0
764	154.0	154.0	136.0	138.0	141.0
765	139.0	139.0	123.0	124.0	127.0
766	131.0	133.0	116.0	116.0	118.0
767	129.0	131.0	112.0	112.0	114.0
768	151.0	152.0	134.0	134.0	136.0
769	143.0	146.0	124.0	125.0	127.0
770	135.0	139.0	117.0	118.0	120.0
771	131.0	137.0	113.0	114.0	115.0
772	147.0	154.0	130.0	131.0	132.0
773	138.0	141.0	120.0	122.0	123.0
774	133.0	136.0	116.0	116.0	118.0
775	131.0	132.0	113.0	114.0	116.0
776	146.0	148.0	129.0	129.0	131.0
777	136.0	138.0	119.0	120.0	121.0
778	131.0	131.0	112.0	113.0	116.0
779	131.0	132.0	112.0	113.0	114.0
780	153.0	151.0	132.0	133.0	134.0
781	141.0	138.0	117.0	120.0	120.0
782	136.0	134.0	115.0	117.0	117.0
783	129.0	128.0	110.0	113.0	114.0
784	146.0	146.0	128.0	133.0	131.0
785	138.0	141.0	123.0	126.0	125.0
786	132.0	134.0	117.0	117.0	121.0
787	124.0	126.0	112.0	110.0	115.0
788	148.0	149.0	134.0	131.0	136.0
789	138.0	140.0	122.0	121.0	123.0
790	133.0	133.0	116.0	116.0	118.0
791	185.0	187.0	148.0	149.0	149.0
792	149.0	150.0	130.0	132.0	133.0
793	138.0	141.0	121.0	122.0	122.0
794	133.0	134.0	114.0	114.0	116.0
795	129.0	130.0	111.0	110.0	112.0
796	144.0	146.0	126.0	127.0	128.0
797	138.0	141.0	119.0	121.0	122.0
798	131.0	134.0	114.0	116.0	116.0
799	127.0	129.0	110.0	110.0	112.0
800	146.0	147.0	128.0	129.0	130.0
801	137.0	139.0	119.0	120.0	121.0
802	130.0	132.0	112.0	114.0	115.0
803	130.0	132.0	112.0	113.0	116.0
804	149.0	150.0	132.0	132.0	134.0
805	133.0	135.0	116.0	117.0	118.0
806	138.0	140.0	117.0	118.0	120.0
807	128.0	129.0	109.0	110.0	111.0
808	144.0	145.0	125.0	127.0	128.0
809	136.0	138.0	117.0	119.0	119.0
810	131.0	132.0	112.0	113.0	114.0
811	131.0	131.0	112.0	113.0	113.0
812	145.0	145.0	126.0	127.0	128.0
813	139.0	140.0	120.0	121.0	123.0
814	133.0	135.0	116.0	117.0	117.0
815	123.0	125.0	106.0	108.0	108.0
816	149.0	149.0	130.0	130.0	133.0
817	149.0	150.0	129.0	127.0	129.0
818	131.0	133.0	114.0	114.0	116.0
819	132.0	133.0	112.0	113.0	114.0
820	150.0	152.0	130.0	132.0	132.0
821	135.0	137.0	118.0	118.0	119.0
822	131.0	133.0	114.0	115.0	116.0
823	125.0	126.0	107.0	108.0	109.0
824	143.0	144.0	126.0	127.0	128.0
825	138.0	138.0	121.0	120.0	123.0
826	128.0	129.0	112.0	112.0	113.0
827	131.0	132.0	113.0	112.0	114.0
828	147.0	148.0	128.0	129.0	131.0
829	135.0	137.0	116.0	116.0	118.0
830	132.0	137.0	113.0	115.0	114.0
831	127.0	134.0	108.0	109.0	109.0
832	144.0	153.0	125.0	127.0	126.0
833	135.0	139.0	116.0	118.0	119.0
834	128.0	130.0	111.0	112.0	112.0
835	122.0	125.0	105.0	106.0	108.0
836	143.0	145.0	126.0	126.0	128.0
837	132.0	135.0	116.0	116.0	116.0
838	128.0	130.0	110.0	110.0	111.0
839	124.0	126.0	104.0	106.0	106.0
840	151.0	151.0	129.0	129.0	130.0
841	140.0	138.0	115.0	117.0	115.0
842	140.0	138.0	113.0	115.0	115.0
843	126.0	128.0	105.0	107.0	107.0
844	150.0	152.0	131.0	136.0	133.0
845	140.0	142.0	120.0	127.0	123.0
846	129.0	134.0	114.0	115.0	116.0
847	123.0	129.0	111.0	106.0	112.0
848	143.0	148.0	130.0	125.0	130.0
849	138.0	139.0	119.0	120.0	121.0
850	131.0	131.0	111.0	112.0	113.0
851	131.0	128.0	109.0	110.0	110.0
852	148.0	145.0	127.0	128.0	129.0
853	141.0	138.0	121.0	122.0	122.0
854	130.0	129.0	110.0	112.0	112.0
855	133.0	132.0	115.0	118.0	116.0
856	147.0	145.0	128.0	131.0	131.0
857	141.0	138.0	123.0	122.0	126.0
858	131.0	129.0	113.0	111.0	116.0
859	127.0	126.0	109.0	110.0	111.0
860	146.0	146.0	127.0	131.0	129.0
861	137.0	138.0	122.0	125.0	123.0
862	130.0	132.0	115.0	116.0	117.0
863	123.0	123.0	110.0	107.0	113.0
864	157.0	157.0	137.0	134.0	138.0
865	141.0	142.0	125.0	123.0	126.0
866	128.0	129.0	111.0	110.0	111.0
867	125.0	127.0	108.0	107.0	109.0
868	144.0	145.0	125.0	127.0	126.0
869	136.0	138.0	117.0	118.0	118.0
870	130.0	131.0	112.0	113.0	113.0
871	126.0	128.0	108.0	109.0	110.0
872	146.0	149.0	127.0	128.0	129.0
873	133.0	135.0	116.0	116.0	117.0
874	138.0	140.0	117.0	117.0	118.0
875	127.0	129.0	109.0	108.0	110.0
876	143.0	143.0	123.0	125.0	125.0
877	137.0	137.0	118.0	117.0	118.0
878	133.0	132.0	112.0	114.0	113.0
879	124.0	123.0	106.0	106.0	107.0
880	143.0	143.0	123.0	125.0	125.0
881	136.0	138.0	117.0	118.0	118.0
882	127.0	129.0	109.0	111.0	111.0
883	126.0	127.0	106.0	108.0	109.0
884	147.0	145.0	127.0	127.0	128.0
885	138.0	139.0	117.0	119.0	119.0
886	131.0	132.0	112.0	112.0	114.0
887	125.0	128.0	107.0	109.0	109.0
888	145.0	146.0	127.0	128.0	129.0
889	139.0	139.0	120.0	120.0	121.0
890	128.0	128.0	111.0	110.0	112.0
891	128.0	127.0	110.0	108.0	109.0
892	143.0	143.0	123.0	124.0	125.0
893	134.0	135.0	115.0	115.0	116.0
894	131.0	134.0	113.0	114.0	114.0
895	130.0	136.0	109.0	111.0	111.0
896	145.0	156.0	125.0	127.0	127.0
897	135.0	149.0	115.0	116.0	117.0
898	131.0	139.0	113.0	114.0	114.0
899	128.0	131.0	110.0	110.0	110.0
900	146.0	148.0	128.0	130.0	129.0
901	132.0	133.0	113.0	114.0	115.0
902	133.0	132.0	115.0	114.0	116.0
903	126.0	126.0	108.0	107.0	109.0
904	142.0	141.0	121.0	122.0	124.0
905	143.0	140.0	119.0	119.0	119.0
906	138.0	132.0	111.0	112.0	113.0
907	135.0	127.0	106.0	109.0	107.0
908	153.0	154.0	128.0	134.0	131.0
909	136.0	141.0	116.0	125.0	117.0
910	134.0	135.0	115.0	128.0	119.0
911	126.0	128.0	113.0	116.0	117.0
912	147.0	148.0	137.0	132.0	144.0
913	131.0	131.0	124.0	113.0	125.0
914	135.0	136.0	122.0	117.0	122.0
915	119.0	119.0	102.0	102.0	105.0
916	149.0	149.0	130.0	130.0	131.0
917	136.0	134.0	115.0	115.0	116.0
918	136.0	132.0	114.0	114.0	114.0
919	126.0	122.0	104.0	105.0	105.0
920	151.0	150.0	129.0	131.0	131.0
921	132.0	132.0	113.0	117.0	115.0
922	134.0	135.0	115.0	121.0	117.0
923	124.0	123.0	106.0	108.0	110.0
924	143.0	145.0	129.0	127.0	133.0
925	131.0	132.0	117.0	113.0	117.0
926	131.0	133.0	115.0	114.0	116.0
927	122.0	123.0	105.0	104.0	107.0
928	146.0	147.0	128.0	127.0	128.0
929	138.0	139.0	119.0	119.0	120.0
930	128.0	129.0	110.0	110.0	110.0
931	119.0	119.0	99.0	100.0	100.0
932	155.0	156.0	133.0	134.0	134.0
933	135.0	135.0	114.0	115.0	116.0
934	134.0	136.0	114.0	115.0	116.0
935	123.0	123.0	105.0	104.0	105.0
936	143.0	143.0	124.0	126.0	126.0
937	130.0	132.0	112.0	112.0	113.0
938	133.0	133.0	113.0	114.0	115.0
939	124.0	125.0	105.0	107.0	106.0
940	146.0	148.0	127.0	128.0	128.0
941	135.0	139.0	115.0	116.0	116.0
942	130.0	137.0	112.0	112.0	112.0
943	120.0	125.0	101.0	102.0	103.0
944	144.0	146.0	125.0	126.0	127.0
945	137.0	139.0	117.0	118.0	119.0
946	129.0	130.0	110.0	110.0	110.0
947	125.0	126.0	106.0	106.0	107.0
948	144.0	146.0	125.0	125.0	126.0
949	134.0	135.0	113.0	114.0	114.0
950	130.0	131.0	110.0	110.0	111.0
951	130.0	129.0	107.0	108.0	109.0
952	195.0	191.0	157.0	158.0	157.0
953	134.0	133.0	113.0	114.0	113.0
954	130.0	130.0	109.0	112.0	110.0
955	122.0	124.0	104.0	109.0	106.0
956	146.0	147.0	128.0	132.0	130.0
957	132.0	134.0	116.0	117.0	119.0
958	134.0	136.0	120.0	117.0	121.0
959	126.0	127.0	111.0	108.0	110.0
960	142.0	143.0	123.0	123.0	125.0
961	137.0	138.0	117.0	117.0	117.0
962	133.0	134.0	112.0	112.0	113.0
963	126.0	129.0	107.0	108.0	108.0
964	140.0	147.0	121.0	122.0	121.0
965	134.0	140.0	115.0	116.0	117.0
966	129.0	133.0	110.0	111.0	111.0
967	126.0	128.0	107.0	107.0	107.0
968	141.0	143.0	121.0	122.0	123.0
969	133.0	136.0	115.0	115.0	115.0
970	127.0	130.0	109.0	109.0	110.0
971	126.0	128.0	107.0	107.0	109.0
972	145.0	147.0	126.0	126.0	127.0
973	141.0	143.0	120.0	120.0	121.0
974	137.0	137.0	113.0	114.0	114.0
975	128.0	131.0	105.0	106.0	106.0
976	147.0	163.0	127.0	130.0	129.0
977	133.0	201.0	113.0	117.0	115.0
978	132.0	354.0	112.0	116.0	114.0
979	126.0	591.0	109.0	111.0	110.0
980	143.0	1052.0	127.0	125.0	129.0
981	139.0	1555.0	123.0	122.0	125.0
982	131.0	1028.0	112.0	112.0	113.0
983	128.0	484.0	109.0	109.0	111.0
984	149.0	322.0	128.0	129.0	129.0
985	140.0	211.0	117.0	119.0	119.0
986	136.0	158.0	108.0	111.0	110.0
987	172.0	146.0	111.0	112.0	113.0
988	295.0	157.0	127.0	131.0	129.0
989	454.0	144.0	118.0	127.0	121.0
990	738.0	138.0	114.0	154.0	117.0
991	1126.0	135.0	114.0	269.0	120.0
992	835.0	147.0	135.0	484.0	150.0
993	410.0	138.0	166.0	825.0	235.0
994	268.0	137.0	284.0	1390.0	425.0
995	187.0	133.0	475.0	1205.0	728.0
996	170.0	151.0	840.0	565.0	1337.0
997	151.0	143.0	1264.0	322.0	1585.0
998	136.0	130.0	878.0	201.0	809.0
999	133.0	129.0	411.0	146.0	403.0
1000	148.0	145.0	268.0	143.0	264.0
1001	139.0	139.0	180.0	130.0	176.0
1002	132.0	131.0	137.0	120.0	138.0
1003	134.0	133.0	126.0	119.0	128.0
1004	149.0	146.0	135.0	131.0	139.0
1005	137.0	137.0	123.0	121.0	125.0
1006	134.0	133.0	117.0	116.0	119.0
1007	129.0	130.0	113.0	113.0	115.0
1008	149.0	149.0	132.0	132.0	134.0
1009	137.0	138.0	122.0	123.0	122.0
1010	137.0	137.0	119.0	119.0	121.0
1011	128.0	129.0	111.0	111.0	114.0
1012	149.0	150.0	131.0	130.0	134.0
1013	138.0	140.0	120.0	120.0	122.0
1014	132.0	133.0	115.0	114.0	116.0
1015	127.0	127.0	109.0	109.0	110.0
1016	143.0	143.0	125.0	126.0	127.0
1017	140.0	140.0	120.0	121.0	123.0
1018	131.0	131.0	112.0	112.0	113.0
1019	125.0	126.0	107.0	108.0	109.0
1020	145.0	146.0	126.0	128.0	128.0
1021	137.0	137.0	119.0	120.0	120.0
1022	133.0	134.0	114.0	115.0	116.0
1023	129.0	130.0	111.0	112.0	113.0
1024	138.0	138.0	120.0	120.0	121.0
