/* Tiempo de exposicion:	2.4	1.8	1.5	1.5	1.2
/* Numero de Scans	1	1	1	1	1
/* Scans Ignorados	0	0	0	0	0
/* Modo de Adquiquisicion	1 	1 	1 	1 	1 
/* Temperatura del detector	0 	0 	0 	0 	0 
/*Red	1	1	1	1	1
/*Posicion del Contador	850	850	850	850	850
/*Archivo:	barridoP_0006.OMAIII	barridoP_0016.OMAIII	barridoP_0026.OMAIII	barridoP_0036.OMAIII	barridoP_0046.OMAIII
1	60.0	60.0	60.0	60.0	60.0
2	0.0	0.0	0.0	0.0	0.0
3	145.0	109.0	91.0	95.0	73.0
4	244.0	206.0	187.0	190.0	167.0
5	237.0	199.0	182.0	181.0	160.0
6	215.0	179.0	162.0	161.0	144.0
7	220.0	182.0	165.0	165.0	149.0
8	229.0	193.0	174.0	177.0	157.0
9	237.0	201.0	180.0	182.0	161.0
10	215.0	178.0	160.0	158.0	140.0
11	218.0	181.0	165.0	162.0	147.0
12	242.0	206.0	188.0	188.0	174.0
13	220.0	184.0	166.0	168.0	152.0
14	207.0	169.0	150.0	152.0	134.0
15	223.0	184.0	166.0	166.0	146.0
16	238.0	200.0	182.0	182.0	163.0
17	243.0	203.0	182.0	185.0	163.0
18	208.0	173.0	155.0	156.0	137.0
19	269.0	220.0	195.0	196.0	169.0
20	227.0	191.0	173.0	174.0	155.0
21	236.0	196.0	177.0	179.0	157.0
22	225.0	187.0	169.0	170.0	150.0
23	216.0	180.0	162.0	163.0	145.0
24	234.0	198.0	179.0	179.0	159.0
25	245.0	205.0	184.0	186.0	163.0
26	243.0	199.0	178.0	180.0	155.0
27	234.0	195.0	173.0	175.0	153.0
28	233.0	198.0	179.0	180.0	160.0
29	258.0	213.0	192.0	194.0	169.0
30	230.0	190.0	171.0	172.0	149.0
31	221.0	185.0	166.0	167.0	147.0
32	235.0	198.0	179.0	181.0	162.0
33	224.0	187.0	169.0	171.0	153.0
34	219.0	180.0	162.0	164.0	144.0
35	212.0	176.0	158.0	157.0	139.0
36	238.0	201.0	183.0	182.0	166.0
37	238.0	200.0	182.0	183.0	165.0
38	211.0	176.0	159.0	160.0	141.0
39	224.0	189.0	170.0	172.0	152.0
40	230.0	195.0	176.0	179.0	158.0
41	232.0	194.0	175.0	178.0	155.0
42	217.0	180.0	162.0	162.0	143.0
43	217.0	181.0	165.0	164.0	146.0
44	227.0	192.0	175.0	176.0	158.0
45	232.0	195.0	176.0	179.0	157.0
46	220.0	184.0	166.0	168.0	146.0
47	226.0	189.0	171.0	170.0	150.0
48	229.0	194.0	177.0	178.0	160.0
49	234.0	197.0	178.0	182.0	161.0
50	226.0	188.0	168.0	173.0	147.0
51	264.0	219.0	196.0	200.0	168.0
52	240.0	204.0	185.0	191.0	163.0
53	236.0	203.0	183.0	192.0	162.0
54	236.0	200.0	179.0	190.0	156.0
55	241.0	206.0	185.0	193.0	161.0
56	251.0	215.0	199.0	188.0	174.0
57	233.0	194.0	184.0	171.0	171.0
58	217.0	179.0	164.0	160.0	164.0
59	221.0	184.0	165.0	167.0	156.0
60	248.0	208.0	188.0	191.0	169.0
61	231.0	194.0	175.0	179.0	156.0
62	214.0	180.0	161.0	165.0	142.0
63	227.0	190.0	171.0	174.0	151.0
64	243.0	206.0	189.0	192.0	168.0
65	230.0	196.0	178.0	182.0	158.0
66	219.0	184.0	166.0	169.0	146.0
67	224.0	189.0	172.0	168.0	152.0
68	236.0	198.0	183.0	179.0	167.0
69	226.0	189.0	172.0	172.0	162.0
70	215.0	177.0	161.0	160.0	146.0
71	218.0	182.0	164.0	165.0	147.0
72	230.0	194.0	175.0	176.0	158.0
73	224.0	188.0	170.0	172.0	153.0
74	219.0	182.0	163.0	165.0	145.0
75	222.0	184.0	167.0	167.0	148.0
76	229.0	192.0	174.0	176.0	156.0
77	222.0	186.0	169.0	170.0	151.0
78	226.0	189.0	170.0	172.0	151.0
79	220.0	184.0	165.0	167.0	146.0
80	231.0	194.0	177.0	177.0	158.0
81	225.0	190.0	172.0	173.0	153.0
82	216.0	179.0	160.0	162.0	142.0
83	226.0	187.0	169.0	171.0	150.0
84	237.0	201.0	182.0	183.0	164.0
85	222.0	187.0	169.0	170.0	150.0
86	217.0	182.0	164.0	166.0	146.0
87	231.0	193.0	172.0	174.0	153.0
88	227.0	191.0	173.0	174.0	156.0
89	230.0	192.0	173.0	174.0	154.0
90	221.0	185.0	167.0	168.0	149.0
91	215.0	179.0	162.0	163.0	144.0
92	232.0	194.0	176.0	179.0	158.0
93	230.0	195.0	175.0	178.0	156.0
94	229.0	189.0	169.0	174.0	148.0
95	228.0	192.0	172.0	175.0	152.0
96	234.0	200.0	181.0	185.0	161.0
97	240.0	203.0	183.0	188.0	163.0
98	222.0	187.0	169.0	171.0	148.0
99	231.0	193.0	177.0	172.0	156.0
100	249.0	208.0	191.0	188.0	175.0
101	226.0	189.0	171.0	172.0	160.0
102	233.0	193.0	173.0	174.0	155.0
103	221.0	186.0	167.0	169.0	149.0
104	235.0	200.0	183.0	184.0	164.0
105	229.0	192.0	173.0	176.0	157.0
106	216.0	181.0	163.0	165.0	146.0
107	227.0	190.0	170.0	171.0	151.0
108	228.0	192.0	176.0	176.0	158.0
109	226.0	191.0	174.0	175.0	154.0
110	208.0	176.0	158.0	160.0	140.0
111	220.0	185.0	166.0	167.0	147.0
112	234.0	198.0	179.0	180.0	161.0
113	234.0	198.0	179.0	181.0	161.0
114	220.0	183.0	164.0	166.0	145.0
115	218.0	183.0	164.0	166.0	145.0
116	236.0	200.0	182.0	186.0	162.0
117	241.0	204.0	185.0	189.0	164.0
118	222.0	185.0	167.0	171.0	147.0
119	226.0	191.0	172.0	171.0	149.0
120	278.0	229.0	208.0	205.0	184.0
121	245.0	210.0	192.0	195.0	176.0
122	219.0	184.0	166.0	172.0	150.0
123	235.0	200.0	180.0	190.0	161.0
124	234.0	203.0	182.0	206.0	160.0
125	257.0	231.0	203.0	256.0	175.0
126	260.0	242.0	206.0	286.0	159.0
127	308.0	295.0	252.0	434.0	179.0
128	386.0	419.0	323.0	661.0	218.0
129	548.0	605.0	495.0	879.0	260.0
130	706.0	776.0	673.0	1112.0	358.0
131	910.0	1004.0	886.0	1427.0	575.0
132	1138.0	1264.0	1132.0	1823.0	781.0
133	1427.0	1595.0	1440.0	2245.0	1009.0
134	1712.0	1944.0	1768.0	2396.0	1262.0
135	2066.0	2054.0	2178.0	1187.0	1632.0
136	1436.0	1005.0	1716.0	415.0	2018.0
137	569.0	390.0	648.0	247.0	2260.0
138	297.0	232.0	270.0	192.0	1198.0
139	240.0	201.0	197.0	184.0	400.0
140	252.0	216.0	200.0	200.0	226.0
141	254.0	217.0	196.0	198.0	183.0
142	293.0	241.0	216.0	218.0	192.0
143	224.0	188.0	172.0	173.0	157.0
144	249.0	210.0	193.0	194.0	178.0
145	239.0	203.0	186.0	189.0	171.0
146	221.0	188.0	170.0	173.0	155.0
147	231.0	195.0	177.0	180.0	160.0
148	238.0	203.0	185.0	188.0	169.0
149	231.0	197.0	180.0	180.0	164.0
150	231.0	193.0	176.0	176.0	160.0
151	222.0	187.0	170.0	171.0	154.0
152	237.0	200.0	183.0	184.0	166.0
153	232.0	195.0	178.0	180.0	161.0
154	248.0	206.0	184.0	187.0	165.0
155	221.0	186.0	169.0	172.0	153.0
156	228.0	194.0	178.0	179.0	160.0
157	231.0	195.0	178.0	179.0	159.0
158	213.0	179.0	162.0	163.0	145.0
159	226.0	189.0	171.0	173.0	153.0
160	229.0	195.0	177.0	179.0	161.0
161	226.0	191.0	173.0	174.0	156.0
162	216.0	181.0	164.0	165.0	147.0
163	221.0	186.0	166.0	169.0	150.0
164	236.0	200.0	183.0	184.0	165.0
165	239.0	201.0	181.0	181.0	162.0
166	226.0	189.0	170.0	172.0	152.0
167	221.0	185.0	168.0	169.0	150.0
168	234.0	199.0	181.0	182.0	163.0
169	226.0	191.0	174.0	176.0	158.0
170	228.0	191.0	172.0	174.0	153.0
171	224.0	188.0	169.0	170.0	151.0
172	229.0	194.0	176.0	177.0	158.0
173	224.0	189.0	172.0	174.0	154.0
174	218.0	183.0	165.0	167.0	146.0
175	220.0	183.0	166.0	166.0	148.0
176	238.0	201.0	183.0	185.0	164.0
177	226.0	191.0	175.0	175.0	156.0
178	209.0	176.0	158.0	160.0	141.0
179	226.0	189.0	170.0	172.0	151.0
180	229.0	194.0	175.0	179.0	159.0
181	226.0	190.0	173.0	175.0	157.0
182	243.0	201.0	181.0	181.0	161.0
183	221.0	185.0	167.0	168.0	148.0
184	240.0	202.0	183.0	185.0	164.0
185	222.0	187.0	170.0	172.0	152.0
186	218.0	181.0	162.0	165.0	145.0
187	219.0	184.0	166.0	168.0	149.0
188	227.0	192.0	175.0	176.0	158.0
189	228.0	193.0	175.0	176.0	157.0
190	214.0	178.0	161.0	162.0	143.0
191	216.0	181.0	163.0	166.0	147.0
192	255.0	213.0	192.0	194.0	171.0
193	221.0	186.0	169.0	170.0	152.0
194	221.0	185.0	165.0	166.0	148.0
195	234.0	195.0	174.0	176.0	155.0
196	231.0	195.0	177.0	179.0	160.0
197	222.0	187.0	170.0	172.0	154.0
198	223.0	185.0	166.0	168.0	147.0
199	252.0	208.0	186.0	188.0	165.0
200	233.0	197.0	180.0	180.0	161.0
201	234.0	196.0	178.0	178.0	159.0
202	226.0	188.0	168.0	169.0	150.0
203	221.0	184.0	166.0	168.0	149.0
204	240.0	202.0	184.0	186.0	165.0
205	245.0	205.0	184.0	188.0	164.0
206	226.0	188.0	169.0	170.0	149.0
207	222.0	185.0	166.0	169.0	149.0
208	234.0	197.0	178.0	180.0	160.0
209	226.0	192.0	173.0	174.0	155.0
210	221.0	185.0	166.0	168.0	148.0
211	229.0	192.0	172.0	173.0	154.0
212	234.0	197.0	179.0	182.0	162.0
213	237.0	198.0	179.0	181.0	159.0
214	214.0	180.0	163.0	165.0	145.0
215	225.0	188.0	168.0	172.0	151.0
216	227.0	193.0	175.0	177.0	157.0
217	236.0	201.0	182.0	184.0	162.0
218	222.0	186.0	167.0	170.0	148.0
219	294.0	240.0	213.0	215.0	187.0
220	237.0	201.0	182.0	186.0	163.0
221	243.0	206.0	186.0	189.0	165.0
222	225.0	188.0	172.0	169.0	151.0
223	223.0	185.0	168.0	166.0	149.0
224	226.0	190.0	174.0	173.0	159.0
225	232.0	195.0	177.0	177.0	163.0
226	226.0	187.0	168.0	170.0	152.0
227	239.0	200.0	179.0	180.0	159.0
228	227.0	192.0	175.0	174.0	157.0
229	230.0	193.0	176.0	175.0	157.0
230	219.0	182.0	165.0	166.0	147.0
231	219.0	183.0	165.0	167.0	148.0
232	233.0	196.0	177.0	180.0	159.0
233	234.0	196.0	177.0	178.0	159.0
234	214.0	180.0	162.0	163.0	145.0
235	223.0	188.0	169.0	172.0	151.0
236	227.0	193.0	174.0	177.0	157.0
237	227.0	191.0	173.0	175.0	156.0
238	232.0	193.0	174.0	176.0	154.0
239	229.0	191.0	171.0	173.0	152.0
240	231.0	196.0	178.0	180.0	160.0
241	227.0	192.0	175.0	175.0	156.0
242	218.0	183.0	165.0	166.0	146.0
243	223.0	187.0	168.0	171.0	149.0
244	240.0	204.0	184.0	188.0	165.0
245	232.0	197.0	177.0	181.0	159.0
246	225.0	189.0	169.0	172.0	149.0
247	223.0	187.0	169.0	169.0	149.0
248	237.0	200.0	184.0	181.0	164.0
249	229.0	193.0	177.0	175.0	162.0
250	218.0	182.0	163.0	164.0	148.0
251	225.0	189.0	171.0	172.0	154.0
252	233.0	196.0	179.0	180.0	161.0
253	226.0	192.0	172.0	175.0	155.0
254	233.0	194.0	173.0	175.0	153.0
255	225.0	187.0	169.0	170.0	149.0
256	245.0	206.0	186.0	189.0	166.0
257	221.0	187.0	170.0	171.0	151.0
258	221.0	185.0	167.0	168.0	148.0
259	225.0	189.0	171.0	171.0	152.0
260	228.0	193.0	175.0	176.0	158.0
261	232.0	195.0	176.0	179.0	159.0
262	234.0	194.0	174.0	176.0	155.0
263	223.0	187.0	168.0	170.0	150.0
264	242.0	204.0	184.0	186.0	166.0
265	231.0	195.0	176.0	179.0	158.0
266	217.0	182.0	163.0	165.0	146.0
267	237.0	197.0	178.0	179.0	158.0
268	243.0	204.0	185.0	188.0	166.0
269	239.0	201.0	183.0	185.0	163.0
270	226.0	189.0	170.0	171.0	150.0
271	225.0	187.0	170.0	170.0	151.0
272	241.0	203.0	185.0	185.0	167.0
273	227.0	192.0	173.0	174.0	156.0
274	264.0	217.0	194.0	195.0	170.0
275	228.0	190.0	172.0	174.0	153.0
276	235.0	199.0	180.0	182.0	161.0
277	224.0	189.0	171.0	173.0	154.0
278	238.0	198.0	177.0	179.0	157.0
279	224.0	186.0	169.0	169.0	150.0
280	242.0	204.0	186.0	187.0	165.0
281	238.0	200.0	182.0	183.0	162.0
282	229.0	190.0	171.0	171.0	152.0
283	227.0	189.0	171.0	172.0	151.0
284	236.0	198.0	182.0	182.0	162.0
285	236.0	200.0	181.0	181.0	161.0
286	218.0	183.0	166.0	167.0	147.0
287	234.0	194.0	176.0	177.0	156.0
288	235.0	199.0	181.0	182.0	162.0
289	231.0	196.0	176.0	178.0	158.0
290	227.0	190.0	171.0	173.0	152.0
291	237.0	198.0	179.0	181.0	160.0
292	234.0	199.0	181.0	181.0	163.0
293	229.0	192.0	174.0	176.0	156.0
294	217.0	182.0	164.0	167.0	148.0
295	227.0	189.0	171.0	173.0	153.0
296	237.0	200.0	182.0	186.0	164.0
297	231.0	195.0	177.0	179.0	159.0
298	224.0	187.0	170.0	171.0	150.0
299	225.0	189.0	171.0	173.0	151.0
300	239.0	202.0	184.0	185.0	166.0
301	234.0	199.0	181.0	182.0	165.0
302	215.0	180.0	163.0	165.0	148.0
303	225.0	189.0	170.0	173.0	153.0
304	239.0	202.0	183.0	185.0	165.0
305	235.0	198.0	181.0	180.0	161.0
306	226.0	189.0	171.0	172.0	151.0
307	234.0	196.0	177.0	179.0	159.0
308	246.0	208.0	188.0	190.0	170.0
309	230.0	194.0	176.0	177.0	158.0
310	220.0	183.0	165.0	167.0	147.0
311	224.0	187.0	169.0	172.0	151.0
312	247.0	209.0	190.0	193.0	169.0
313	245.0	205.0	186.0	188.0	167.0
314	223.0	187.0	169.0	171.0	151.0
315	231.0	194.0	174.0	176.0	157.0
316	246.0	207.0	188.0	190.0	169.0
317	245.0	205.0	186.0	188.0	166.0
318	229.0	191.0	173.0	174.0	154.0
319	234.0	195.0	176.0	177.0	157.0
320	236.0	199.0	182.0	182.0	164.0
321	234.0	197.0	182.0	182.0	163.0
322	234.0	195.0	175.0	178.0	156.0
323	227.0	191.0	172.0	175.0	154.0
324	250.0	211.0	192.0	193.0	170.0
325	236.0	200.0	180.0	183.0	162.0
326	233.0	195.0	175.0	177.0	155.0
327	236.0	198.0	179.0	181.0	159.0
328	246.0	209.0	190.0	193.0	171.0
329	278.0	233.0	207.0	212.0	184.0
330	235.0	197.0	177.0	180.0	158.0
331	233.0	196.0	176.0	180.0	156.0
332	259.0	220.0	198.0	203.0	177.0
333	247.0	211.0	190.0	197.0	168.0
334	247.0	209.0	186.0	193.0	163.0
335	241.0	204.0	184.0	183.0	160.0
336	251.0	210.0	196.0	190.0	175.0
337	245.0	206.0	190.0	188.0	176.0
338	238.0	198.0	179.0	180.0	166.0
339	218.0	183.0	167.0	168.0	151.0
340	237.0	201.0	184.0	187.0	168.0
341	247.0	209.0	189.0	193.0	172.0
342	223.0	189.0	170.0	174.0	153.0
343	232.0	196.0	177.0	181.0	157.0
344	246.0	209.0	191.0	195.0	170.0
345	249.0	212.0	193.0	197.0	171.0
346	241.0	204.0	183.0	192.0	161.0
347	240.0	204.0	183.0	188.0	160.0
348	256.0	218.0	200.0	196.0	176.0
349	248.0	207.0	192.0	189.0	174.0
350	234.0	196.0	180.0	181.0	167.0
351	238.0	200.0	182.0	185.0	165.0
352	247.0	212.0	194.0	198.0	176.0
353	256.0	218.0	199.0	203.0	178.0
354	240.0	203.0	183.0	188.0	161.0
355	236.0	200.0	181.0	183.0	161.0
356	254.0	216.0	199.0	198.0	180.0
357	245.0	208.0	191.0	193.0	175.0
358	233.0	197.0	179.0	183.0	162.0
359	234.0	198.0	180.0	185.0	161.0
360	257.0	219.0	200.0	204.0	179.0
361	242.0	207.0	190.0	195.0	171.0
362	249.0	209.0	189.0	195.0	168.0
363	238.0	204.0	185.0	191.0	166.0
364	257.0	221.0	202.0	209.0	181.0
365	247.0	213.0	195.0	213.0	174.0
366	243.0	216.0	190.0	251.0	166.0
367	274.0	260.0	215.0	339.0	170.0
368	336.0	342.0	281.0	598.0	192.0
369	473.0	551.0	398.0	997.0	229.0
370	766.0	884.0	691.0	1410.0	291.0
371	1085.0	1239.0	1040.0	1941.0	476.0
372	1496.0	1710.0	1465.0	2756.0	849.0
373	2025.0	2369.0	1992.0	3577.0	1219.0
374	2753.0	3067.0	2781.0	3508.0	1678.0
375	3110.0	2985.0	3315.0	1841.0	2355.0
376	2106.0	1562.0	2538.0	821.0	3205.0
377	987.0	713.0	1139.0	376.0	3412.0
378	458.0	339.0	493.0	245.0	1923.0
379	305.0	252.0	276.0	220.0	840.0
380	277.0	239.0	232.0	219.0	373.0
381	273.0	236.0	221.0	221.0	243.0
382	271.0	231.0	213.0	218.0	205.0
383	262.0	225.0	207.0	209.0	189.0
384	283.0	243.0	225.0	227.0	205.0
385	270.0	232.0	213.0	217.0	197.0
386	249.0	213.0	196.0	200.0	180.0
387	248.0	214.0	196.0	203.0	178.0
388	261.0	226.0	209.0	216.0	192.0
389	256.0	221.0	205.0	208.0	186.0
390	264.0	224.0	205.0	209.0	186.0
391	285.0	239.0	215.0	220.0	197.0
392	261.0	226.0	209.0	215.0	192.0
393	258.0	223.0	204.0	221.0	186.0
394	248.0	220.0	194.0	254.0	172.0
395	289.0	271.0	223.0	356.0	182.0
396	359.0	365.0	291.0	630.0	198.0
397	509.0	588.0	411.0	1042.0	220.0
398	852.0	963.0	728.0	1499.0	289.0
399	1258.0	1397.0	1130.0	2104.0	499.0
400	1747.0	1945.0	1600.0	3034.0	878.0
401	2426.0	2767.0	2232.0	3912.0	1278.0
402	3310.0	3535.0	3139.0	3514.0	1771.0
403	3606.0	3135.0	3639.0	1683.0	2550.0
404	2139.0	1498.0	2440.0	766.0	3438.0
405	999.0	692.0	1090.0	361.0	3382.0
406	461.0	335.0	474.0	239.0	1734.0
407	313.0	254.0	275.0	221.0	784.0
408	304.0	257.0	248.0	236.0	372.0
409	268.0	231.0	217.0	219.0	233.0
410	266.0	228.0	208.0	215.0	198.0
411	263.0	227.0	208.0	210.0	190.0
412	273.0	237.0	221.0	221.0	203.0
413	270.0	233.0	215.0	218.0	200.0
414	256.0	219.0	200.0	205.0	185.0
415	265.0	227.0	208.0	212.0	190.0
416	297.0	254.0	233.0	232.0	210.0
417	299.0	252.0	231.0	228.0	209.0
418	250.0	212.0	196.0	197.0	184.0
419	243.0	207.0	189.0	191.0	178.0
420	263.0	224.0	208.0	210.0	192.0
421	287.0	241.0	220.0	222.0	199.0
422	242.0	205.0	188.0	190.0	171.0
423	246.0	209.0	190.0	192.0	172.0
424	258.0	222.0	202.0	204.0	186.0
425	263.0	223.0	204.0	205.0	187.0
426	236.0	199.0	183.0	184.0	167.0
427	241.0	204.0	186.0	186.0	169.0
428	251.0	215.0	196.0	200.0	179.0
429	243.0	207.0	189.0	195.0	172.0
430	238.0	200.0	183.0	188.0	164.0
431	251.0	214.0	194.0	198.0	173.0
432	264.0	226.0	206.0	210.0	186.0
433	248.0	213.0	195.0	202.0	176.0
434	256.0	217.0	196.0	204.0	174.0
435	254.0	217.0	197.0	204.0	172.0
436	263.0	228.0	210.0	220.0	187.0
437	263.0	230.0	210.0	228.0	186.0
438	253.0	223.0	202.0	224.0	174.0
439	270.0	240.0	219.0	228.0	183.0
440	277.0	243.0	234.0	218.0	203.0
441	257.0	219.0	214.0	197.0	205.0
442	246.0	208.0	195.0	188.0	202.0
443	239.0	201.0	186.0	184.0	184.0
444	256.0	218.0	200.0	200.0	188.0
445	257.0	217.0	198.0	199.0	181.0
446	232.0	195.0	177.0	180.0	161.0
447	246.0	207.0	185.0	191.0	168.0
448	253.0	214.0	195.0	199.0	176.0
449	239.0	203.0	186.0	189.0	167.0
450	235.0	198.0	180.0	183.0	161.0
451	236.0	199.0	182.0	184.0	164.0
452	242.0	208.0	190.0	191.0	173.0
453	245.0	208.0	191.0	193.0	173.0
454	238.0	200.0	181.0	185.0	163.0
455	236.0	199.0	181.0	185.0	162.0
456	253.0	215.0	197.0	201.0	178.0
457	252.0	216.0	198.0	198.0	176.0
458	230.0	195.0	177.0	179.0	159.0
459	231.0	195.0	177.0	180.0	161.0
460	266.0	225.0	206.0	209.0	187.0
461	261.0	220.0	201.0	203.0	181.0
462	235.0	197.0	180.0	181.0	161.0
463	236.0	199.0	180.0	183.0	162.0
464	252.0	216.0	198.0	202.0	180.0
465	260.0	221.0	199.0	203.0	179.0
466	231.0	196.0	179.0	180.0	160.0
467	231.0	195.0	180.0	180.0	161.0
468	250.0	214.0	196.0	196.0	179.0
469	238.0	202.0	185.0	185.0	169.0
470	241.0	202.0	184.0	185.0	166.0
471	231.0	196.0	178.0	182.0	161.0
472	244.0	209.0	191.0	194.0	173.0
473	241.0	206.0	188.0	191.0	169.0
474	238.0	200.0	181.0	184.0	161.0
475	238.0	201.0	181.0	186.0	162.0
476	255.0	219.0	199.0	203.0	178.0
477	253.0	216.0	197.0	197.0	176.0
478	239.0	201.0	183.0	185.0	164.0
479	238.0	200.0	183.0	185.0	167.0
480	255.0	218.0	200.0	202.0	181.0
481	250.0	212.0	194.0	196.0	175.0
482	257.0	216.0	194.0	197.0	172.0
483	237.0	201.0	183.0	186.0	164.0
484	249.0	214.0	196.0	199.0	177.0
485	245.0	210.0	190.0	193.0	172.0
486	245.0	207.0	189.0	190.0	169.0
487	245.0	206.0	188.0	188.0	168.0
488	250.0	212.0	195.0	195.0	179.0
489	243.0	208.0	189.0	192.0	175.0
490	238.0	201.0	180.0	186.0	164.0
491	240.0	203.0	183.0	187.0	163.0
492	263.0	223.0	203.0	205.0	180.0
493	251.0	214.0	196.0	197.0	175.0
494	238.0	201.0	183.0	184.0	165.0
495	244.0	206.0	187.0	189.0	169.0
496	245.0	210.0	192.0	195.0	175.0
497	254.0	216.0	196.0	199.0	176.0
498	242.0	203.0	183.0	185.0	163.0
499	244.0	206.0	186.0	189.0	168.0
500	257.0	218.0	199.0	202.0	181.0
501	245.0	208.0	190.0	194.0	171.0
502	241.0	205.0	185.0	189.0	165.0
503	248.0	210.0	191.0	192.0	170.0
504	258.0	221.0	204.0	204.0	184.0
505	249.0	211.0	193.0	194.0	176.0
506	229.0	194.0	177.0	178.0	160.0
507	238.0	199.0	182.0	184.0	165.0
508	270.0	228.0	207.0	213.0	187.0
509	250.0	214.0	194.0	201.0	173.0
510	242.0	206.0	185.0	190.0	162.0
511	250.0	210.0	190.0	193.0	167.0
512	262.0	222.0	206.0	206.0	184.0
513	261.0	222.0	202.0	207.0	184.0
514	235.0	201.0	182.0	187.0	162.0
515	239.0	203.0	184.0	185.0	163.0
516	257.0	219.0	201.0	200.0	180.0
517	252.0	215.0	197.0	197.0	180.0
518	239.0	201.0	184.0	184.0	168.0
519	233.0	197.0	179.0	181.0	162.0
520	249.0	213.0	195.0	197.0	177.0
521	251.0	213.0	195.0	195.0	177.0
522	239.0	199.0	183.0	183.0	164.0
523	233.0	196.0	179.0	180.0	163.0
524	245.0	209.0	191.0	195.0	174.0
525	247.0	212.0	192.0	196.0	175.0
526	243.0	204.0	184.0	186.0	162.0
527	248.0	208.0	189.0	190.0	167.0
528	242.0	206.0	190.0	192.0	174.0
529	252.0	213.0	195.0	196.0	176.0
530	239.0	201.0	182.0	187.0	164.0
531	245.0	205.0	186.0	190.0	165.0
532	262.0	223.0	203.0	207.0	182.0
533	256.0	217.0	198.0	200.0	175.0
534	245.0	207.0	188.0	190.0	168.0
535	239.0	202.0	184.0	187.0	166.0
536	260.0	222.0	202.0	207.0	183.0
537	248.0	213.0	194.0	198.0	174.0
538	243.0	207.0	188.0	190.0	167.0
539	239.0	203.0	185.0	186.0	166.0
540	265.0	224.0	205.0	205.0	188.0
541	255.0	215.0	197.0	198.0	180.0
542	238.0	200.0	181.0	184.0	165.0
543	233.0	197.0	179.0	182.0	161.0
544	249.0	213.0	195.0	200.0	176.0
545	247.0	213.0	194.0	197.0	173.0
546	241.0	203.0	184.0	188.0	163.0
547	235.0	199.0	182.0	184.0	162.0
548	257.0	220.0	202.0	205.0	183.0
549	254.0	217.0	198.0	203.0	179.0
550	233.0	199.0	180.0	186.0	161.0
551	253.0	214.0	194.0	198.0	172.0
552	256.0	220.0	201.0	201.0	180.0
553	254.0	217.0	199.0	197.0	179.0
554	231.0	196.0	179.0	179.0	165.0
555	235.0	200.0	182.0	182.0	167.0
556	256.0	217.0	198.0	201.0	181.0
557	252.0	213.0	196.0	200.0	177.0
558	240.0	204.0	183.0	189.0	163.0
559	238.0	203.0	184.0	192.0	162.0
560	261.0	223.0	202.0	221.0	179.0
561	256.0	227.0	201.0	245.0	177.0
562	266.0	245.0	208.0	319.0	167.0
563	310.0	316.0	249.0	496.0	177.0
564	451.0	490.0	382.0	735.0	221.0
565	604.0	666.0	541.0	1024.0	270.0
566	824.0	928.0	762.0	1527.0	414.0
567	1150.0	1368.0	1089.0	1987.0	598.0
568	1608.0	1777.0	1609.0	1590.0	874.0
569	1613.0	1399.0	1771.0	813.0	1291.0
570	934.0	713.0	1078.0	451.0	1770.0
571	544.0	425.0	567.0	282.0	1586.0
572	366.0	291.0	350.0	232.0	835.0
573	297.0	247.0	252.0	217.0	466.0
574	257.0	217.0	209.0	197.0	274.0
575	252.0	213.0	198.0	198.0	206.0
576	268.0	230.0	212.0	217.0	205.0
577	253.0	218.0	201.0	204.0	185.0
578	249.0	213.0	195.0	198.0	176.0
579	243.0	208.0	191.0	194.0	176.0
580	261.0	225.0	207.0	209.0	190.0
581	246.0	212.0	194.0	201.0	180.0
582	241.0	206.0	187.0	193.0	169.0
583	263.0	223.0	204.0	206.0	179.0
584	258.0	221.0	205.0	203.0	186.0
585	253.0	214.0	199.0	198.0	184.0
586	240.0	203.0	186.0	187.0	173.0
587	241.0	204.0	185.0	188.0	170.0
588	250.0	214.0	196.0	198.0	178.0
589	257.0	219.0	201.0	205.0	182.0
590	233.0	199.0	181.0	185.0	164.0
591	243.0	207.0	189.0	191.0	170.0
592	254.0	219.0	200.0	206.0	182.0
593	243.0	208.0	191.0	194.0	172.0
594	242.0	206.0	189.0	188.0	169.0
595	244.0	205.0	189.0	189.0	172.0
596	245.0	209.0	193.0	195.0	178.0
597	246.0	210.0	192.0	197.0	175.0
598	234.0	199.0	181.0	185.0	161.0
599	247.0	209.0	190.0	191.0	168.0
600	264.0	224.0	208.0	208.0	188.0
601	246.0	208.0	191.0	193.0	175.0
602	238.0	201.0	183.0	186.0	165.0
603	251.0	211.0	192.0	194.0	170.0
604	249.0	214.0	196.0	196.0	177.0
605	242.0	207.0	190.0	191.0	173.0
606	243.0	205.0	186.0	189.0	169.0
607	229.0	193.0	177.0	178.0	159.0
608	252.0	215.0	198.0	198.0	179.0
609	252.0	212.0	195.0	195.0	177.0
610	237.0	198.0	182.0	183.0	164.0
611	233.0	195.0	179.0	181.0	162.0
612	249.0	213.0	194.0	198.0	177.0
613	251.0	213.0	194.0	197.0	174.0
614	236.0	198.0	180.0	180.0	160.0
615	239.0	200.0	183.0	183.0	164.0
616	245.0	210.0	191.0	194.0	177.0
617	245.0	208.0	190.0	195.0	172.0
618	229.0	194.0	175.0	181.0	157.0
619	231.0	196.0	177.0	183.0	158.0
620	250.0	215.0	196.0	203.0	176.0
621	260.0	222.0	200.0	209.0	177.0
622	239.0	205.0	186.0	191.0	162.0
623	241.0	207.0	189.0	193.0	168.0
624	270.0	232.0	212.0	219.0	191.0
625	259.0	224.0	203.0	214.0	183.0
626	252.0	216.0	195.0	201.0	172.0
627	247.0	209.0	194.0	189.0	171.0
628	259.0	219.0	208.0	198.0	193.0
629	246.0	207.0	192.0	186.0	187.0
630	228.0	190.0	174.0	174.0	169.0
631	229.0	193.0	174.0	177.0	163.0
632	253.0	215.0	195.0	200.0	177.0
633	239.0	203.0	183.0	191.0	164.0
634	232.0	197.0	178.0	183.0	156.0
635	227.0	193.0	176.0	179.0	154.0
636	264.0	224.0	204.0	208.0	183.0
637	248.0	212.0	193.0	196.0	175.0
638	234.0	198.0	181.0	185.0	162.0
639	237.0	202.0	183.0	187.0	163.0
640	251.0	215.0	197.0	199.0	178.0
641	247.0	211.0	192.0	190.0	174.0
642	228.0	191.0	177.0	173.0	162.0
643	228.0	191.0	175.0	174.0	163.0
644	245.0	208.0	191.0	192.0	176.0
645	245.0	207.0	187.0	192.0	170.0
646	233.0	197.0	177.0	183.0	158.0
647	228.0	195.0	175.0	184.0	154.0
648	257.0	221.0	201.0	209.0	178.0
649	244.0	209.0	192.0	194.0	168.0
650	249.0	211.0	194.0	195.0	172.0
651	238.0	200.0	182.0	181.0	164.0
652	259.0	221.0	203.0	204.0	188.0
653	245.0	208.0	190.0	193.0	176.0
654	349.0	285.0	253.0	254.0	221.0
655	226.0	191.0	173.0	172.0	157.0
656	251.0	214.0	196.0	196.0	180.0
657	233.0	197.0	179.0	181.0	166.0
658	234.0	197.0	178.0	181.0	161.0
659	230.0	193.0	173.0	177.0	155.0
660	258.0	219.0	201.0	204.0	180.0
661	240.0	203.0	184.0	190.0	165.0
662	233.0	197.0	177.0	183.0	158.0
663	231.0	196.0	176.0	184.0	155.0
664	254.0	221.0	200.0	206.0	176.0
665	242.0	207.0	190.0	192.0	166.0
666	237.0	203.0	184.0	189.0	164.0
667	243.0	207.0	187.0	189.0	169.0
668	267.0	230.0	212.0	203.0	190.0
669	247.0	206.0	193.0	187.0	178.0
670	227.0	190.0	174.0	173.0	166.0
671	232.0	195.0	175.0	178.0	161.0
672	241.0	206.0	186.0	193.0	171.0
673	232.0	197.0	179.0	183.0	159.0
674	233.0	197.0	177.0	180.0	156.0
675	240.0	201.0	183.0	187.0	162.0
676	236.0	204.0	184.0	192.0	168.0
677	250.0	214.0	191.0	204.0	169.0
678	242.0	207.0	186.0	194.0	158.0
679	238.0	204.0	186.0	189.0	160.0
680	251.0	216.0	199.0	197.0	180.0
681	246.0	207.0	195.0	185.0	178.0
682	227.0	189.0	177.0	170.0	167.0
683	232.0	193.0	175.0	176.0	168.0
684	236.0	201.0	184.0	187.0	171.0
685	230.0	195.0	176.0	181.0	160.0
686	225.0	189.0	172.0	173.0	152.0
687	239.0	199.0	182.0	185.0	161.0
688	249.0	212.0	192.0	200.0	172.0
689	254.0	217.0	193.0	206.0	169.0
690	239.0	205.0	182.0	198.0	156.0
691	263.0	226.0	201.0	215.0	170.0
692	267.0	231.0	212.0	215.0	182.0
693	268.0	229.0	212.0	210.0	186.0
694	250.0	212.0	196.0	190.0	182.0
695	237.0	200.0	186.0	179.0	175.0
696	267.0	226.0	210.0	209.0	200.0
697	245.0	208.0	190.0	191.0	177.0
698	239.0	202.0	185.0	183.0	167.0
699	233.0	197.0	179.0	182.0	164.0
700	246.0	210.0	192.0	198.0	177.0
701	242.0	205.0	186.0	194.0	165.0
702	246.0	209.0	188.0	201.0	164.0
703	253.0	217.0	193.0	204.0	165.0
704	262.0	227.0	208.0	212.0	178.0
705	255.0	219.0	201.0	199.0	177.0
706	242.0	205.0	191.0	183.0	173.0
707	244.0	205.0	189.0	185.0	177.0
708	255.0	217.0	200.0	197.0	187.0
709	244.0	206.0	189.0	188.0	175.0
710	231.0	193.0	176.0	181.0	161.0
711	234.0	199.0	177.0	192.0	160.0
712	262.0	229.0	204.0	223.0	178.0
713	261.0	228.0	201.0	232.0	167.0
714	276.0	247.0	212.0	256.0	172.0
715	299.0	268.0	233.0	241.0	179.0
716	320.0	273.0	263.0	233.0	209.0
717	287.0	242.0	234.0	222.0	229.0
718	258.0	221.0	204.0	206.0	214.0
719	261.0	224.0	208.0	197.0	196.0
720	260.0	221.0	212.0	196.0	198.0
721	248.0	209.0	194.0	189.0	195.0
722	233.0	197.0	178.0	177.0	175.0
723	239.0	201.0	182.0	184.0	166.0
724	247.0	213.0	194.0	200.0	175.0
725	246.0	211.0	190.0	200.0	168.0
726	246.0	210.0	188.0	200.0	162.0
727	244.0	211.0	188.0	195.0	160.0
728	261.0	226.0	208.0	205.0	181.0
729	262.0	224.0	206.0	205.0	187.0
730	239.0	202.0	187.0	186.0	173.0
731	236.0	200.0	184.0	182.0	169.0
732	251.0	214.0	197.0	197.0	181.0
733	246.0	211.0	191.0	198.0	177.0
734	243.0	208.0	187.0	197.0	167.0
735	258.0	220.0	198.0	205.0	171.0
736	266.0	229.0	210.0	215.0	184.0
737	265.0	227.0	205.0	220.0	184.0
738	254.0	222.0	198.0	218.0	175.0
739	264.0	231.0	206.0	226.0	173.0
740	288.0	255.0	231.0	246.0	195.0
741	288.0	254.0	232.0	227.0	196.0
742	292.0	245.0	233.0	216.0	205.0
743	261.0	221.0	209.0	198.0	203.0
744	273.0	232.0	217.0	210.0	214.0
745	252.0	214.0	199.0	197.0	191.0
746	250.0	212.0	194.0	198.0	182.0
747	245.0	209.0	189.0	200.0	172.0
748	267.0	233.0	210.0	221.0	186.0
749	264.0	228.0	208.0	209.0	178.0
750	256.0	217.0	202.0	198.0	176.0
751	253.0	214.0	196.0	197.0	180.0
752	268.0	231.0	212.0	215.0	195.0
753	259.0	224.0	203.0	212.0	183.0
754	274.0	235.0	210.0	223.0	184.0
755	257.0	221.0	200.0	214.0	172.0
756	277.0	244.0	221.0	232.0	193.0
757	274.0	239.0	221.0	220.0	192.0
758	262.0	225.0	210.0	202.0	188.0
759	254.0	214.0	201.0	194.0	189.0
760	268.0	231.0	212.0	212.0	204.0
761	262.0	222.0	203.0	203.0	189.0
762	248.0	212.0	195.0	196.0	176.0
763	249.0	213.0	193.0	199.0	172.0
764	275.0	239.0	216.0	225.0	194.0
765	259.0	224.0	205.0	211.0	178.0
766	250.0	217.0	198.0	206.0	174.0
767	261.0	223.0	202.0	210.0	177.0
768	282.0	246.0	225.0	227.0	199.0
769	279.0	237.0	220.0	220.0	194.0
770	263.0	225.0	205.0	208.0	189.0
771	265.0	225.0	204.0	208.0	182.0
772	277.0	239.0	220.0	219.0	197.0
773	264.0	226.0	209.0	216.0	188.0
774	262.0	228.0	205.0	215.0	185.0
775	263.0	226.0	208.0	203.0	180.0
776	273.0	234.0	220.0	213.0	198.0
777	256.0	219.0	201.0	201.0	194.0
778	245.0	209.0	192.0	196.0	180.0
779	252.0	218.0	195.0	202.0	175.0
780	274.0	236.0	217.0	214.0	192.0
781	257.0	219.0	201.0	204.0	179.0
782	255.0	219.0	198.0	206.0	179.0
783	250.0	215.0	192.0	209.0	169.0
784	274.0	242.0	216.0	241.0	189.0
785	280.0	250.0	223.0	231.0	184.0
786	282.0	242.0	226.0	215.0	186.0
787	262.0	222.0	208.0	205.0	190.0
788	280.0	244.0	223.0	233.0	215.0
789	278.0	242.0	219.0	223.0	196.0
790	274.0	234.0	216.0	211.0	187.0
791	418.0	340.0	301.0	300.0	263.0
792	277.0	238.0	222.0	225.0	206.0
793	268.0	234.0	211.0	223.0	194.0
794	268.0	231.0	209.0	218.0	182.0
795	268.0	230.0	210.0	216.0	180.0
796	284.0	246.0	226.0	224.0	201.0
797	275.0	236.0	218.0	214.0	197.0
798	262.0	223.0	206.0	205.0	192.0
799	256.0	219.0	199.0	206.0	183.0
800	278.0	242.0	218.0	239.0	197.0
801	279.0	247.0	218.0	242.0	186.0
802	284.0	249.0	224.0	226.0	183.0
803	288.0	246.0	231.0	230.0	194.0
804	296.0	261.0	240.0	242.0	222.0
805	282.0	244.0	227.0	220.0	205.0
806	290.0	248.0	228.0	233.0	208.0
807	272.0	235.0	213.0	218.0	195.0
808	290.0	250.0	231.0	230.0	205.0
809	281.0	242.0	222.0	220.0	198.0
810	268.0	230.0	211.0	215.0	193.0
811	271.0	233.0	209.0	228.0	191.0
812	289.0	256.0	229.0	249.0	201.0
813	297.0	260.0	236.0	239.0	195.0
814	290.0	249.0	233.0	229.0	199.0
815	272.0	233.0	216.0	218.0	198.0
816	299.0	260.0	241.0	233.0	221.0
817	312.0	263.0	244.0	235.0	222.0
818	265.0	224.0	208.0	207.0	201.0
819	268.0	228.0	208.0	223.0	194.0
820	290.0	258.0	228.0	281.0	204.0
821	296.0	277.0	231.0	328.0	186.0
822	340.0	328.0	274.0	388.0	189.0
823	392.0	379.0	326.0	492.0	209.0
824	475.0	490.0	409.0	667.0	280.0
825	599.0	626.0	533.0	566.0	333.0
826	618.0	527.0	611.0	364.0	408.0
827	448.0	368.0	436.0	301.0	562.0
828	379.0	323.0	335.0	277.0	573.0
829	327.0	276.0	275.0	250.0	357.0
830	307.0	265.0	247.0	243.0	276.0
831	296.0	253.0	237.0	229.0	231.0
832	303.0	263.0	246.0	241.0	231.0
833	288.0	248.0	231.0	223.0	216.0
834	271.0	231.0	217.0	210.0	202.0
835	261.0	223.0	205.0	208.0	195.0
836	281.0	244.0	224.0	229.0	208.0
837	270.0	233.0	213.0	223.0	191.0
838	271.0	235.0	211.0	222.0	185.0
839	274.0	234.0	213.0	206.0	181.0
840	291.0	248.0	234.0	229.0	210.0
841	271.0	232.0	212.0	214.0	201.0
842	263.0	226.0	208.0	215.0	191.0
843	260.0	225.0	201.0	219.0	179.0
844	297.0	260.0	235.0	254.0	203.0
845	301.0	264.0	236.0	267.0	198.0
846	293.0	264.0	234.0	264.0	195.0
847	301.0	268.0	244.0	242.0	196.0
848	320.0	275.0	269.0	241.0	232.0
849	293.0	248.0	240.0	231.0	241.0
850	277.0	239.0	219.0	234.0	227.0
851	280.0	246.0	220.0	247.0	201.0
852	306.0	275.0	248.0	268.0	210.0
853	312.0	276.0	255.0	250.0	211.0
854	300.0	254.0	244.0	217.0	214.0
855	284.0	238.0	230.0	214.0	225.0
856	283.0	243.0	227.0	231.0	231.0
857	276.0	241.0	217.0	229.0	204.0
858	274.0	237.0	214.0	221.0	184.0
859	273.0	236.0	214.0	224.0	183.0
860	303.0	264.0	239.0	245.0	212.0
861	293.0	253.0	234.0	228.0	203.0
862	281.0	239.0	223.0	222.0	201.0
863	265.0	227.0	207.0	216.0	193.0
864	329.0	283.0	254.0	269.0	226.0
865	298.0	261.0	235.0	252.0	203.0
866	289.0	254.0	226.0	243.0	191.0
867	302.0	263.0	236.0	227.0	197.0
868	311.0	263.0	253.0	230.0	222.0
869	283.0	239.0	226.0	215.0	222.0
870	264.0	223.0	208.0	200.0	206.0
871	254.0	214.0	198.0	198.0	188.0
872	274.0	236.0	215.0	223.0	201.0
873	261.0	226.0	204.0	210.0	182.0
874	283.0	240.0	218.0	219.0	188.0
875	256.0	218.0	199.0	204.0	175.0
876	271.0	234.0	214.0	221.0	194.0
877	272.0	234.0	212.0	222.0	187.0
878	273.0	235.0	212.0	225.0	185.0
879	269.0	232.0	208.0	213.0	178.0
880	291.0	250.0	231.0	226.0	199.0
881	280.0	239.0	221.0	221.0	199.0
882	262.0	225.0	206.0	216.0	190.0
883	268.0	233.0	208.0	227.0	184.0
884	302.0	265.0	237.0	258.0	203.0
885	308.0	270.0	241.0	255.0	199.0
886	303.0	264.0	239.0	250.0	200.0
887	301.0	262.0	238.0	242.0	204.0
888	320.0	278.0	259.0	249.0	228.0
889	314.0	266.0	250.0	229.0	227.0
890	279.0	234.0	221.0	205.0	215.0
891	269.0	224.0	208.0	196.0	207.0
892	267.0	227.0	212.0	208.0	206.0
893	254.0	217.0	196.0	203.0	186.0
894	255.0	218.0	196.0	199.0	175.0
895	262.0	219.0	200.0	198.0	174.0
896	268.0	228.0	209.0	211.0	191.0
897	255.0	216.0	197.0	204.0	179.0
898	254.0	217.0	196.0	203.0	173.0
899	255.0	217.0	196.0	207.0	172.0
900	273.0	240.0	215.0	232.0	191.0
901	272.0	236.0	211.0	221.0	178.0
902	277.0	239.0	218.0	217.0	183.0
903	263.0	223.0	208.0	203.0	184.0
904	271.0	233.0	217.0	213.0	202.0
905	278.0	235.0	215.0	215.0	200.0
906	259.0	220.0	201.0	200.0	185.0
907	253.0	214.0	194.0	196.0	175.0
908	278.0	239.0	218.0	223.0	197.0
909	269.0	228.0	206.0	213.0	181.0
910	265.0	227.0	205.0	215.0	180.0
911	265.0	226.0	203.0	209.0	175.0
912	286.0	246.0	226.0	232.0	198.0
913	268.0	230.0	208.0	216.0	184.0
914	277.0	239.0	217.0	219.0	193.0
915	256.0	217.0	199.0	205.0	176.0
916	294.0	255.0	231.0	239.0	209.0
917	284.0	245.0	221.0	229.0	193.0
918	284.0	245.0	221.0	228.0	194.0
919	275.0	235.0	215.0	214.0	184.0
920	310.0	266.0	244.0	246.0	215.0
921	281.0	242.0	220.0	225.0	198.0
922	291.0	248.0	225.0	223.0	198.0
923	273.0	228.0	213.0	193.0	187.0
924	279.0	232.0	221.0	204.0	208.0
925	251.0	208.0	195.0	188.0	194.0
926	246.0	206.0	189.0	191.0	183.0
927	231.0	194.0	176.0	179.0	162.0
928	263.0	224.0	205.0	207.0	182.0
929	252.0	215.0	194.0	200.0	174.0
930	241.0	205.0	185.0	193.0	165.0
931	237.0	200.0	178.0	182.0	155.0
932	285.0	242.0	222.0	225.0	196.0
933	249.0	214.0	194.0	201.0	177.0
934	256.0	219.0	200.0	197.0	178.0
935	238.0	199.0	184.0	178.0	164.0
936	255.0	216.0	200.0	202.0	187.0
937	243.0	207.0	185.0	190.0	170.0
938	249.0	210.0	190.0	192.0	169.0
939	238.0	199.0	181.0	183.0	158.0
940	258.0	222.0	202.0	206.0	182.0
941	250.0	214.0	193.0	201.0	171.0
942	248.0	212.0	190.0	205.0	168.0
943	243.0	208.0	185.0	199.0	159.0
944	273.0	237.0	218.0	216.0	186.0
945	266.0	226.0	212.0	205.0	186.0
946	255.0	215.0	198.0	198.0	185.0
947	245.0	207.0	189.0	190.0	176.0
948	263.0	226.0	207.0	211.0	190.0
949	259.0	221.0	198.0	203.0	179.0
950	249.0	211.0	193.0	187.0	172.0
951	249.0	206.0	190.0	184.0	172.0
952	379.0	310.0	276.0	277.0	251.0
953	239.0	203.0	183.0	187.0	170.0
954	243.0	204.0	183.0	194.0	162.0
955	236.0	202.0	179.0	194.0	154.0
956	270.0	234.0	212.0	217.0	180.0
957	256.0	220.0	202.0	204.0	171.0
958	260.0	223.0	204.0	207.0	182.0
959	247.0	212.0	192.0	194.0	174.0
960	267.0	227.0	210.0	211.0	190.0
961	265.0	226.0	204.0	215.0	187.0
962	258.0	222.0	199.0	215.0	179.0
963	257.0	223.0	200.0	208.0	170.0
964	272.0	235.0	219.0	212.0	190.0
965	258.0	220.0	207.0	193.0	189.0
966	247.0	205.0	193.0	181.0	188.0
967	234.0	195.0	178.0	174.0	177.0
968	245.0	206.0	189.0	187.0	181.0
969	237.0	198.0	180.0	184.0	166.0
970	230.0	195.0	174.0	183.0	155.0
971	232.0	197.0	174.0	192.0	152.0
972	256.0	223.0	200.0	218.0	173.0
973	262.0	227.0	206.0	211.0	173.0
974	258.0	220.0	203.0	199.0	175.0
975	241.0	203.0	188.0	183.0	174.0
976	261.0	222.0	206.0	207.0	197.0
977	242.0	205.0	188.0	195.0	176.0
978	243.0	207.0	188.0	194.0	170.0
979	240.0	202.0	186.0	184.0	164.0
980	251.0	214.0	200.0	193.0	183.0
981	244.0	207.0	192.0	186.0	182.0
982	237.0	197.0	178.0	176.0	169.0
983	227.0	190.0	172.0	172.0	157.0
984	251.0	213.0	192.0	198.0	175.0
985	240.0	204.0	182.0	193.0	162.0
986	231.0	196.0	176.0	192.0	151.0
987	241.0	209.0	185.0	204.0	157.0
988	266.0	234.0	212.0	221.0	178.0
989	259.0	226.0	207.0	210.0	176.0
990	257.0	220.0	202.0	211.0	181.0
991	260.0	224.0	202.0	226.0	183.0
992	276.0	247.0	220.0	256.0	192.0
993	287.0	259.0	229.0	244.0	186.0
994	305.0	259.0	245.0	210.0	197.0
995	269.0	219.0	220.0	186.0	209.0
996	266.0	223.0	211.0	198.0	235.0
997	251.0	210.0	194.0	190.0	199.0
998	234.0	195.0	177.0	181.0	167.0
999	230.0	194.0	174.0	186.0	158.0
1000	253.0	219.0	197.0	205.0	173.0
1001	250.0	213.0	195.0	200.0	167.0
1002	242.0	208.0	188.0	206.0	167.0
1003	257.0	225.0	198.0	215.0	173.0
1004	276.0	240.0	221.0	222.0	186.0
1005	262.0	225.0	209.0	208.0	183.0
1006	255.0	219.0	202.0	202.0	189.0
1007	248.0	212.0	195.0	194.0	181.0
1008	268.0	229.0	214.0	205.0	200.0
1009	251.0	211.0	197.0	192.0	186.0
1010	250.0	209.0	190.0	195.0	184.0
1011	241.0	204.0	183.0	194.0	167.0
1012	268.0	230.0	208.0	214.0	182.0
1013	254.0	216.0	199.0	195.0	173.0
1014	246.0	206.0	190.0	190.0	173.0
1015	236.0	200.0	179.0	192.0	169.0
1016	256.0	223.0	200.0	221.0	179.0
1017	267.0	234.0	207.0	235.0	175.0
1018	270.0	239.0	213.0	228.0	172.0
1019	269.0	231.0	216.0	205.0	177.0
1020	285.0	243.0	232.0	224.0	212.0
1021	261.0	225.0	210.0	207.0	210.0
1022	257.0	218.0	204.0	195.0	193.0
1023	242.0	203.0	191.0	187.0	182.0
1024	252.0	214.0	195.0	200.0	190.0
