/* Tiempo de exposicion:	12	9	9	6	6
/* Numero de Scans	1	1	1	1	1
/* Scans Ignorados	0	0	0	0	0
/* Modo de Adquiquisicion	1 	1 	1 	1 	1 
/* Temperatura del detector	0 	0 	0 	0 	0 
/*Red	1	1	1	1	1
/*Posicion del Contador	950	950	950	950	950
/*Archivo:	barridoP_0008.OMAIII	barridoP_0018.OMAIII	barridoP_0028.OMAIII	barridoP_0038.OMAIII	barridoP_0048.OMAIII
1	60.0	60.0	60.0	60.0	60.0
2	581.0	1536.0	414.0	217.0	217.0
3	751.0	1656.0	592.0	411.0	413.0
4	870.0	1204.0	705.0	521.0	518.0
5	876.0	832.0	713.0	520.0	513.0
6	846.0	682.0	695.0	544.0	492.0
7	870.0	677.0	724.0	711.0	521.0
8	859.0	674.0	714.0	882.0	543.0
9	887.0	697.0	722.0	1049.0	559.0
10	850.0	659.0	686.0	1145.0	507.0
11	865.0	664.0	706.0	1295.0	503.0
12	896.0	692.0	738.0	1582.0	540.0
13	943.0	662.0	742.0	2018.0	523.0
14	1129.0	656.0	935.0	1941.0	513.0
15	1357.0	690.0	1230.0	1023.0	656.0
16	1550.0	707.0	1482.0	635.0	912.0
17	1747.0	746.0	1735.0	559.0	1154.0
18	1820.0	672.0	1874.0	478.0	1306.0
19	2409.0	891.0	2418.0	617.0	1651.0
20	2652.0	707.0	2818.0	494.0	1796.0
21	2359.0	760.0	3173.0	526.0	2269.0
22	1265.0	717.0	1737.0	508.0	2822.0
23	920.0	660.0	922.0	489.0	2141.0
24	885.0	695.0	764.0	520.0	963.0
25	953.0	761.0	779.0	569.0	676.0
26	987.0	793.0	797.0	574.0	594.0
27	916.0	756.0	744.0	540.0	545.0
28	868.0	742.0	712.0	531.0	524.0
29	1006.0	866.0	816.0	609.0	592.0
30	914.0	773.0	744.0	573.0	543.0
31	872.0	710.0	716.0	560.0	521.0
32	891.0	717.0	741.0	582.0	538.0
33	849.0	699.0	710.0	531.0	528.0
34	869.0	726.0	717.0	507.0	539.0
35	850.0	727.0	704.0	494.0	516.0
36	901.0	791.0	754.0	537.0	553.0
37	923.0	823.0	779.0	557.0	568.0
38	879.0	764.0	753.0	541.0	545.0
39	908.0	720.0	787.0	585.0	584.0
40	872.0	695.0	765.0	606.0	598.0
41	880.0	711.0	735.0	583.0	614.0
42	846.0	686.0	699.0	531.0	543.0
43	844.0	690.0	700.0	523.0	516.0
44	863.0	717.0	726.0	545.0	530.0
45	917.0	765.0	775.0	581.0	559.0
46	910.0	765.0	784.0	591.0	559.0
47	943.0	759.0	832.0	634.0	600.0
48	881.0	686.0	789.0	650.0	620.0
49	905.0	709.0	778.0	634.0	659.0
50	908.0	713.0	759.0	555.0	601.0
51	1080.0	844.0	894.0	621.0	659.0
52	925.0	725.0	790.0	540.0	576.0
53	918.0	714.0	796.0	534.0	579.0
54	974.0	754.0	856.0	557.0	614.0
55	977.0	766.0	880.0	572.0	643.0
56	935.0	781.0	872.0	598.0	682.0
57	862.0	743.0	761.0	608.0	697.0
58	850.0	697.0	717.0	566.0	630.0
59	876.0	708.0	730.0	523.0	561.0
60	956.0	779.0	795.0	561.0	591.0
61	897.0	745.0	756.0	533.0	554.0
62	883.0	738.0	749.0	518.0	544.0
63	921.0	751.0	795.0	540.0	576.0
64	959.0	752.0	847.0	571.0	620.0
65	897.0	731.0	814.0	574.0	631.0
66	844.0	730.0	721.0	583.0	640.0
67	842.0	751.0	697.0	609.0	582.0
68	868.0	754.0	722.0	591.0	540.0
69	869.0	699.0	729.0	537.0	532.0
70	867.0	671.0	726.0	523.0	535.0
71	884.0	675.0	747.0	543.0	548.0
72	907.0	686.0	777.0	576.0	566.0
73	925.0	699.0	804.0	594.0	581.0
74	945.0	720.0	835.0	583.0	608.0
75	909.0	738.0	824.0	561.0	640.0
76	882.0	764.0	760.0	572.0	667.0
77	857.0	777.0	721.0	577.0	599.0
78	905.0	842.0	757.0	616.0	564.0
79	908.0	886.0	770.0	583.0	553.0
80	921.0	940.0	800.0	532.0	579.0
81	903.0	902.0	801.0	504.0	599.0
82	900.0	840.0	776.0	501.0	622.0
83	919.0	852.0	783.0	518.0	617.0
84	937.0	839.0	807.0	543.0	604.0
85	927.0	783.0	811.0	549.0	596.0
86	890.0	775.0	804.0	563.0	610.0
87	906.0	843.0	776.0	620.0	663.0
88	850.0	827.0	706.0	637.0	602.0
89	869.0	802.0	713.0	697.0	547.0
90	845.0	738.0	694.0	745.0	513.0
91	847.0	728.0	699.0	796.0	504.0
92	906.0	779.0	758.0	773.0	538.0
93	912.0	798.0	778.0	698.0	550.0
94	977.0	851.0	834.0	712.0	596.0
95	979.0	820.0	859.0	677.0	616.0
96	990.0	784.0	891.0	631.0	644.0
97	1073.0	764.0	989.0	655.0	706.0
98	1062.0	707.0	1034.0	655.0	739.0
99	1055.0	737.0	1061.0	690.0	843.0
100	1067.0	790.0	1004.0	672.0	937.0
101	987.0	727.0	917.0	582.0	816.0
102	1034.0	772.0	969.0	613.0	779.0
103	929.0	726.0	847.0	599.0	741.0
104	950.0	762.0	852.0	645.0	715.0
105	969.0	780.0	875.0	663.0	667.0
106	951.0	756.0	887.0	625.0	665.0
107	961.0	770.0	892.0	630.0	731.0
108	891.0	750.0	794.0	563.0	721.0
109	901.0	777.0	781.0	541.0	654.0
110	881.0	744.0	768.0	522.0	582.0
111	945.0	767.0	833.0	551.0	608.0
112	984.0	810.0	891.0	567.0	653.0
113	970.0	852.0	890.0	565.0	695.0
114	936.0	849.0	848.0	564.0	703.0
115	878.0	823.0	783.0	581.0	667.0
116	877.0	832.0	751.0	622.0	652.0
117	904.0	865.0	766.0	627.0	598.0
118	864.0	817.0	736.0	570.0	547.0
119	897.0	814.0	758.0	595.0	566.0
120	1062.0	885.0	889.0	706.0	674.0
121	899.0	717.0	770.0	625.0	590.0
122	893.0	689.0	771.0	596.0	561.0
123	953.0	730.0	835.0	648.0	606.0
124	916.0	726.0	831.0	677.0	624.0
125	926.0	771.0	819.0	706.0	674.0
126	899.0	763.0	781.0	657.0	630.0
127	983.0	805.0	856.0	682.0	635.0
128	935.0	761.0	842.0	678.0	631.0
129	924.0	766.0	818.0	657.0	655.0
130	932.0	768.0	822.0	624.0	631.0
131	1019.0	812.0	911.0	587.0	660.0
132	998.0	748.0	928.0	541.0	688.0
133	983.0	700.0	911.0	539.0	738.0
134	965.0	670.0	876.0	532.0	721.0
135	983.0	676.0	893.0	553.0	705.0
136	991.0	700.0	905.0	590.0	705.0
137	1076.0	787.0	957.0	666.0	768.0
138	949.0	754.0	852.0	623.0	707.0
139	864.0	739.0	739.0	585.0	659.0
140	898.0	790.0	754.0	622.0	604.0
141	961.0	819.0	803.0	668.0	593.0
142	1200.0	966.0	986.0	782.0	693.0
143	889.0	736.0	762.0	557.0	545.0
144	994.0	828.0	862.0	555.0	617.0
145	946.0	824.0	846.0	523.0	630.0
146	893.0	770.0	787.0	501.0	633.0
147	923.0	738.0	806.0	525.0	633.0
148	924.0	706.0	823.0	538.0	617.0
149	939.0	719.0	852.0	559.0	640.0
150	923.0	749.0	834.0	594.0	677.0
151	840.0	723.0	724.0	593.0	651.0
152	869.0	732.0	724.0	601.0	605.0
153	861.0	698.0	715.0	583.0	543.0
154	988.0	778.0	812.0	652.0	588.0
155	846.0	663.0	714.0	605.0	520.0
156	867.0	670.0	739.0	636.0	540.0
157	923.0	701.0	791.0	630.0	573.0
158	889.0	667.0	779.0	550.0	564.0
159	923.0	716.0	819.0	550.0	616.0
160	885.0	716.0	772.0	543.0	629.0
161	906.0	742.0	784.0	558.0	608.0
162	919.0	753.0	800.0	559.0	586.0
163	954.0	784.0	850.0	542.0	613.0
164	958.0	816.0	873.0	532.0	666.0
165	951.0	837.0	846.0	538.0	706.0
166	907.0	804.0	776.0	521.0	663.0
167	877.0	755.0	746.0	503.0	589.0
168	907.0	773.0	776.0	525.0	580.0
169	880.0	726.0	767.0	513.0	569.0
170	918.0	748.0	800.0	553.0	609.0
171	871.0	725.0	732.0	559.0	607.0
172	851.0	734.0	709.0	582.0	568.0
173	851.0	748.0	704.0	601.0	534.0
174	843.0	729.0	696.0	616.0	514.0
175	851.0	704.0	702.0	630.0	516.0
176	908.0	727.0	748.0	657.0	546.0
177	860.0	677.0	716.0	609.0	519.0
178	850.0	661.0	715.0	565.0	508.0
179	935.0	726.0	791.0	599.0	560.0
180	923.0	722.0	802.0	567.0	575.0
181	926.0	729.0	816.0	539.0	596.0
182	1057.0	834.0	936.0	602.0	682.0
183	941.0	759.0	846.0	560.0	652.0
184	978.0	780.0	882.0	608.0	696.0
185	902.0	727.0	801.0	562.0	660.0
186	910.0	735.0	798.0	532.0	639.0
187	888.0	743.0	785.0	514.0	615.0
188	861.0	734.0	744.0	510.0	617.0
189	877.0	722.0	748.0	525.0	591.0
190	866.0	691.0	737.0	519.0	549.0
191	884.0	703.0	766.0	539.0	559.0
192	1017.0	825.0	881.0	631.0	654.0
193	843.0	725.0	732.0	570.0	596.0
194	869.0	762.0	731.0	593.0	594.0
195	917.0	811.0	757.0	599.0	581.0
196	865.0	776.0	717.0	564.0	539.0
197	852.0	778.0	715.0	554.0	519.0
198	909.0	807.0	761.0	582.0	545.0
199	1043.0	863.0	873.0	641.0	625.0
200	921.0	746.0	793.0	552.0	577.0
201	951.0	765.0	825.0	553.0	605.0
202	942.0	778.0	820.0	556.0	622.0
203	895.0	753.0	769.0	552.0	611.0
204	938.0	787.0	799.0	594.0	613.0
205	988.0	802.0	841.0	625.0	622.0
206	934.0	741.0	806.0	606.0	596.0
207	886.0	718.0	764.0	608.0	594.0
208	900.0	745.0	762.0	649.0	605.0
209	880.0	737.0	739.0	634.0	562.0
210	888.0	751.0	751.0	580.0	547.0
211	928.0	789.0	794.0	578.0	571.0
212	919.0	772.0	795.0	578.0	587.0
213	974.0	778.0	840.0	604.0	625.0
214	896.0	699.0	787.0	559.0	588.0
215	949.0	730.0	838.0	583.0	623.0
216	927.0	725.0	847.0	559.0	636.0
217	933.0	761.0	837.0	560.0	683.0
218	891.0	742.0	772.0	535.0	658.0
219	1228.0	992.0	1015.0	714.0	770.0
220	908.0	753.0	785.0	566.0	593.0
221	959.0	790.0	826.0	608.0	618.0
222	903.0	764.0	784.0	586.0	589.0
223	891.0	813.0	776.0	579.0	593.0
224	860.0	867.0	741.0	550.0	593.0
225	893.0	942.0	757.0	558.0	590.0
226	910.0	992.0	765.0	556.0	571.0
227	990.0	1122.0	829.0	602.0	606.0
228	895.0	1109.0	771.0	561.0	562.0
229	939.0	1146.0	814.0	582.0	593.0
230	917.0	970.0	803.0	570.0	598.0
231	890.0	782.0	776.0	567.0	610.0
232	906.0	738.0	774.0	587.0	621.0
233	906.0	734.0	769.0	607.0	590.0
234	863.0	705.0	731.0	623.0	547.0
235	902.0	741.0	769.0	701.0	564.0
236	885.0	743.0	766.0	741.0	569.0
237	902.0	761.0	782.0	787.0	586.0
238	950.0	787.0	818.0	876.0	614.0
239	935.0	750.0	800.0	931.0	608.0
240	919.0	719.0	790.0	933.0	595.0
241	961.0	717.0	828.0	786.0	595.0
242	1021.0	719.0	898.0	604.0	612.0
243	1077.0	735.0	979.0	547.0	672.0
244	1152.0	758.0	1055.0	561.0	763.0
245	1182.0	727.0	1096.0	552.0	793.0
246	1259.0	737.0	1204.0	568.0	842.0
247	1246.0	720.0	1231.0	566.0	905.0
248	1142.0	753.0	1193.0	593.0	1000.0
249	950.0	750.0	926.0	576.0	997.0
250	897.0	763.0	782.0	551.0	829.0
251	891.0	785.0	750.0	548.0	640.0
252	910.0	813.0	766.0	557.0	576.0
253	902.0	798.0	769.0	548.0	557.0
254	975.0	804.0	828.0	577.0	596.0
255	933.0	741.0	805.0	555.0	589.0
256	987.0	784.0	854.0	590.0	641.0
257	865.0	710.0	753.0	533.0	592.0
258	888.0	743.0	751.0	551.0	595.0
259	897.0	767.0	754.0	566.0	573.0
260	875.0	770.0	741.0	570.0	555.0
261	912.0	789.0	769.0	596.0	570.0
262	956.0	794.0	803.0	629.0	590.0
263	901.0	745.0	763.0	625.0	567.0
264	942.0	793.0	798.0	656.0	599.0
265	914.0	781.0	771.0	597.0	577.0
266	893.0	763.0	757.0	547.0	558.0
267	977.0	809.0	830.0	580.0	603.0
268	971.0	800.0	834.0	586.0	612.0
269	975.0	790.0	840.0	592.0	621.0
270	976.0	767.0	853.0	597.0	620.0
271	967.0	747.0	863.0	610.0	634.0
272	964.0	771.0	863.0	627.0	680.0
273	889.0	740.0	771.0	572.0	654.0
274	1092.0	904.0	909.0	663.0	710.0
275	918.0	775.0	774.0	582.0	585.0
276	931.0	783.0	791.0	606.0	583.0
277	902.0	750.0	776.0	588.0	568.0
278	1018.0	823.0	872.0	623.0	628.0
279	939.0	774.0	830.0	582.0	610.0
280	958.0	823.0	840.0	604.0	660.0
281	935.0	820.0	801.0	587.0	648.0
282	951.0	830.0	805.0	572.0	613.0
283	949.0	831.0	811.0	564.0	590.0
284	946.0	824.0	825.0	576.0	603.0
285	944.0	810.0	824.0	589.0	626.0
286	908.0	771.0	786.0	574.0	609.0
287	969.0	815.0	834.0	606.0	626.0
288	926.0	787.0	800.0	595.0	615.0
289	900.0	773.0	774.0	586.0	599.0
290	923.0	798.0	779.0	602.0	596.0
291	961.0	828.0	810.0	637.0	600.0
292	915.0	795.0	786.0	625.0	578.0
293	929.0	813.0	802.0	630.0	590.0
294	899.0	805.0	783.0	625.0	585.0
295	932.0	838.0	808.0	642.0	611.0
296	939.0	854.0	814.0	630.0	622.0
297	935.0	848.0	810.0	608.0	613.0
298	955.0	844.0	830.0	602.0	612.0
299	944.0	798.0	834.0	589.0	613.0
300	978.0	797.0	863.0	608.0	652.0
301	970.0	768.0	864.0	610.0	655.0
302	937.0	736.0	847.0	593.0	637.0
303	967.0	773.0	865.0	619.0	677.0
304	966.0	789.0	853.0	644.0	689.0
305	955.0	782.0	833.0	652.0	656.0
306	949.0	777.0	830.0	655.0	634.0
307	963.0	790.0	836.0	673.0	643.0
308	993.0	810.0	861.0	693.0	651.0
309	945.0	782.0	835.0	658.0	622.0
310	944.0	790.0	829.0	620.0	626.0
311	963.0	805.0	846.0	597.0	639.0
312	1045.0	865.0	919.0	624.0	684.0
313	1042.0	865.0	928.0	614.0	692.0
314	988.0	822.0	884.0	580.0	671.0
315	1017.0	853.0	911.0	601.0	694.0
316	1062.0	904.0	953.0	632.0	729.0
317	1031.0	909.0	928.0	624.0	729.0
318	963.0	891.0	853.0	596.0	698.0
319	979.0	930.0	851.0	613.0	680.0
320	936.0	908.0	809.0	609.0	636.0
321	921.0	886.0	796.0	619.0	610.0
322	974.0	902.0	837.0	645.0	626.0
323	933.0	855.0	812.0	629.0	606.0
324	993.0	885.0	863.0	673.0	653.0
325	942.0	826.0	822.0	654.0	631.0
326	973.0	830.0	837.0	674.0	636.0
327	984.0	825.0	849.0	692.0	634.0
328	977.0	811.0	855.0	701.0	632.0
329	1167.0	946.0	1005.0	804.0	734.0
330	994.0	803.0	877.0	723.0	659.0
331	985.0	775.0	873.0	723.0	663.0
332	1065.0	816.0	937.0	760.0	710.0
333	1029.0	773.0	912.0	716.0	689.0
334	1052.0	780.0	936.0	702.0	698.0
335	1011.0	748.0	914.0	656.0	687.0
336	1028.0	757.0	938.0	645.0	712.0
337	1054.0	770.0	972.0	634.0	733.0
338	1086.0	778.0	999.0	631.0	757.0
339	994.0	711.0	935.0	584.0	728.0
340	1013.0	742.0	945.0	608.0	761.0
341	1056.0	792.0	969.0	634.0	780.0
342	971.0	746.0	890.0	579.0	719.0
343	975.0	760.0	881.0	575.0	714.0
344	970.0	763.0	867.0	577.0	701.0
345	982.0	778.0	868.0	585.0	688.0
346	975.0	770.0	854.0	581.0	661.0
347	944.0	746.0	829.0	567.0	634.0
348	951.0	766.0	839.0	580.0	645.0
349	943.0	778.0	835.0	577.0	647.0
350	917.0	769.0	802.0	566.0	634.0
351	932.0	777.0	801.0	579.0	629.0
352	912.0	752.0	786.0	584.0	610.0
353	968.0	786.0	828.0	619.0	625.0
354	941.0	767.0	807.0	595.0	602.0
355	911.0	751.0	785.0	574.0	590.0
356	935.0	778.0	807.0	595.0	613.0
357	918.0	769.0	791.0	586.0	605.0
358	914.0	762.0	785.0	574.0	593.0
359	899.0	755.0	776.0	575.0	583.0
360	951.0	800.0	821.0	613.0	613.0
361	900.0	761.0	794.0	590.0	594.0
362	973.0	819.0	841.0	616.0	640.0
363	905.0	769.0	785.0	568.0	605.0
364	943.0	799.0	818.0	586.0	624.0
365	913.0	783.0	790.0	572.0	606.0
366	900.0	771.0	775.0	564.0	590.0
367	946.0	803.0	817.0	586.0	604.0
368	928.0	787.0	816.0	587.0	612.0
369	921.0	786.0	813.0	587.0	623.0
370	949.0	818.0	825.0	605.0	643.0
371	876.0	760.0	760.0	583.0	602.0
372	958.0	814.0	818.0	629.0	629.0
373	931.0	785.0	800.0	609.0	598.0
374	973.0	821.0	835.0	628.0	619.0
375	951.0	808.0	820.0	612.0	613.0
376	922.0	791.0	805.0	610.0	610.0
377	961.0	804.0	831.0	632.0	628.0
378	925.0	765.0	807.0	610.0	603.0
379	935.0	784.0	823.0	611.0	615.0
380	936.0	801.0	824.0	617.0	632.0
381	993.0	851.0	869.0	648.0	660.0
382	1033.0	884.0	895.0	658.0	678.0
383	990.0	857.0	860.0	623.0	657.0
384	1050.0	916.0	915.0	655.0	689.0
385	1022.0	893.0	895.0	642.0	671.0
386	956.0	835.0	848.0	616.0	645.0
387	958.0	822.0	842.0	618.0	652.0
388	955.0	809.0	849.0	614.0	650.0
389	941.0	802.0	837.0	599.0	642.0
390	1018.0	860.0	887.0	645.0	685.0
391	1099.0	910.0	932.0	698.0	716.0
392	955.0	809.0	834.0	644.0	640.0
393	963.0	815.0	849.0	649.0	636.0
394	932.0	787.0	829.0	634.0	622.0
395	978.0	822.0	862.0	679.0	664.0
396	950.0	814.0	839.0	682.0	664.0
397	912.0	796.0	802.0	649.0	627.0
398	933.0	823.0	823.0	635.0	615.0
399	1019.0	888.0	898.0	660.0	662.0
400	1012.0	883.0	900.0	660.0	680.0
401	1013.0	870.0	904.0	654.0	689.0
402	978.0	825.0	877.0	614.0	665.0
403	1012.0	838.0	917.0	633.0	688.0
404	1004.0	843.0	919.0	637.0	712.0
405	983.0	849.0	898.0	633.0	716.0
406	947.0	846.0	859.0	610.0	692.0
407	989.0	872.0	880.0	636.0	701.0
408	1062.0	918.0	944.0	695.0	726.0
409	970.0	847.0	867.0	673.0	679.0
410	1002.0	873.0	882.0	696.0	688.0
411	979.0	875.0	868.0	688.0	666.0
412	981.0	901.0	878.0	688.0	674.0
413	991.0	927.0	884.0	686.0	680.0
414	980.0	923.0	864.0	666.0	673.0
415	1017.0	955.0	895.0	678.0	680.0
416	1154.0	1055.0	1009.0	755.0	744.0
417	1206.0	1092.0	1067.0	791.0	779.0
418	1024.0	918.0	933.0	691.0	709.0
419	994.0	864.0	912.0	661.0	710.0
420	1027.0	882.0	933.0	683.0	743.0
421	1169.0	996.0	1036.0	757.0	806.0
422	992.0	863.0	892.0	677.0	703.0
423	1020.0	880.0	911.0	706.0	704.0
424	1041.0	906.0	944.0	735.0	713.0
425	1085.0	950.0	988.0	765.0	748.0
426	1002.0	879.0	920.0	730.0	725.0
427	1014.0	878.0	917.0	749.0	735.0
428	1005.0	868.0	908.0	758.0	719.0
429	1001.0	848.0	904.0	729.0	698.0
430	1040.0	861.0	939.0	702.0	704.0
431	1111.0	912.0	1006.0	715.0	751.0
432	1112.0	904.0	1019.0	743.0	773.0
433	1065.0	866.0	982.0	687.0	759.0
434	1140.0	918.0	1038.0	716.0	793.0
435	1141.0	919.0	1044.0	725.0	794.0
436	1112.0	933.0	1044.0	744.0	808.0
437	1066.0	949.0	999.0	730.0	814.0
438	1007.0	952.0	935.0	687.0	777.0
439	1053.0	1007.0	952.0	706.0	767.0
440	1011.0	999.0	929.0	684.0	725.0
441	1005.0	1015.0	925.0	673.0	717.0
442	1038.0	1071.0	947.0	690.0	734.0
443	1051.0	1114.0	969.0	690.0	736.0
444	1078.0	1202.0	1008.0	720.0	776.0
445	1089.0	1292.0	1006.0	742.0	808.0
446	1008.0	1287.0	929.0	706.0	757.0
447	1076.0	1327.0	977.0	754.0	770.0
448	1044.0	1227.0	951.0	767.0	752.0
449	997.0	1082.0	915.0	767.0	718.0
450	1025.0	976.0	941.0	799.0	723.0
451	1020.0	862.0	934.0	819.0	729.0
452	1015.0	785.0	941.0	842.0	729.0
453	1047.0	758.0	969.0	892.0	750.0
454	1076.0	741.0	992.0	936.0	763.0
455	1073.0	718.0	996.0	977.0	758.0
456	1122.0	733.0	1047.0	1066.0	794.0
457	1157.0	740.0	1090.0	1130.0	821.0
458	1117.0	697.0	1071.0	1104.0	816.0
459	1136.0	702.0	1097.0	1030.0	844.0
460	1276.0	780.0	1216.0	990.0	933.0
461	1303.0	762.0	1258.0	860.0	949.0
462	1274.0	696.0	1251.0	698.0	941.0
463	1343.0	703.0	1335.0	618.0	992.0
464	1411.0	719.0	1433.0	585.0	1064.0
465	1497.0	769.0	1540.0	588.0	1171.0
466	1335.0	677.0	1436.0	521.0	1187.0
467	1246.0	665.0	1316.0	515.0	1207.0
468	1182.0	700.0	1216.0	541.0	1164.0
469	1048.0	672.0	1037.0	525.0	1029.0
470	1020.0	706.0	941.0	552.0	917.0
471	934.0	680.0	832.0	532.0	762.0
472	905.0	687.0	782.0	527.0	667.0
473	887.0	678.0	749.0	520.0	603.0
474	897.0	683.0	751.0	524.0	569.0
475	896.0	685.0	744.0	529.0	558.0
476	924.0	713.0	765.0	553.0	570.0
477	918.0	711.0	762.0	539.0	558.0
478	899.0	702.0	751.0	509.0	546.0
479	873.0	702.0	730.0	498.0	547.0
480	912.0	739.0	755.0	523.0	575.0
481	903.0	726.0	746.0	514.0	554.0
482	989.0	776.0	806.0	551.0	585.0
483	870.0	678.0	722.0	495.0	525.0
484	880.0	683.0	736.0	506.0	542.0
485	858.0	674.0	715.0	495.0	542.0
486	885.0	697.0	724.0	508.0	551.0
487	893.0	705.0	725.0	512.0	536.0
488	860.0	691.0	701.0	510.0	518.0
489	862.0	700.0	700.0	519.0	515.0
490	871.0	700.0	705.0	526.0	510.0
491	872.0	689.0	709.0	530.0	511.0
492	924.0	730.0	752.0	562.0	551.0
493	865.0	687.0	703.0	527.0	521.0
494	866.0	682.0	699.0	511.0	506.0
495	898.0	694.0	725.0	518.0	518.0
496	863.0	663.0	705.0	495.0	507.0
497	924.0	700.0	755.0	518.0	538.0
498	910.0	686.0	749.0	507.0	533.0
499	908.0	692.0	751.0	516.0	548.0
500	925.0	714.0	763.0	542.0	570.0
501	878.0	693.0	724.0	522.0	543.0
502	877.0	706.0	719.0	509.0	536.0
503	894.0	732.0	725.0	513.0	538.0
504	878.0	729.0	712.0	514.0	531.0
505	871.0	724.0	705.0	505.0	515.0
506	835.0	692.0	677.0	476.0	487.0
507	871.0	718.0	708.0	485.0	504.0
508	982.0	795.0	802.0	543.0	572.0
509	874.0	704.0	723.0	494.0	530.0
510	863.0	684.0	703.0	490.0	530.0
511	889.0	695.0	718.0	509.0	531.0
512	905.0	705.0	731.0	529.0	533.0
513	912.0	709.0	738.0	542.0	535.0
514	821.0	641.0	664.0	501.0	487.0
515	830.0	650.0	666.0	514.0	489.0
516	865.0	677.0	695.0	543.0	508.0
517	847.0	664.0	681.0	533.0	494.0
518	847.0	657.0	681.0	528.0	487.0
519	840.0	646.0	676.0	520.0	481.0
520	862.0	662.0	701.0	518.0	502.0
521	892.0	677.0	728.0	511.0	518.0
522	883.0	664.0	725.0	486.0	515.0
523	873.0	654.0	721.0	472.0	518.0
524	889.0	675.0	738.0	483.0	540.0
525	893.0	681.0	739.0	485.0	546.0
526	923.0	702.0	766.0	491.0	555.0
527	923.0	714.0	767.0	502.0	566.0
528	834.0	655.0	693.0	471.0	539.0
529	898.0	706.0	727.0	506.0	556.0
530	866.0	687.0	695.0	488.0	520.0
531	885.0	709.0	708.0	500.0	516.0
532	911.0	740.0	727.0	519.0	528.0
533	888.0	735.0	710.0	506.0	513.0
534	877.0	736.0	698.0	498.0	501.0
535	854.0	714.0	680.0	489.0	488.0
536	879.0	729.0	705.0	514.0	509.0
537	849.0	703.0	681.0	501.0	491.0
538	852.0	695.0	681.0	502.0	489.0
539	827.0	666.0	662.0	485.0	478.0
540	909.0	722.0	725.0	525.0	525.0
541	893.0	703.0	711.0	513.0	511.0
542	861.0	676.0	685.0	495.0	488.0
543	830.0	655.0	666.0	486.0	473.0
544	850.0	675.0	685.0	513.0	492.0
545	862.0	693.0	699.0	531.0	501.0
546	866.0	699.0	700.0	528.0	503.0
547	821.0	657.0	663.0	501.0	488.0
548	871.0	696.0	701.0	532.0	518.0
549	876.0	698.0	705.0	526.0	511.0
550	828.0	658.0	668.0	477.0	475.0
551	910.0	721.0	731.0	507.0	517.0
552	883.0	700.0	723.0	487.0	511.0
553	913.0	711.0	755.0	499.0	535.0
554	847.0	658.0	702.0	467.0	516.0
555	861.0	667.0	708.0	482.0	530.0
556	913.0	704.0	748.0	524.0	555.0
557	880.0	685.0	722.0	522.0	540.0
558	863.0	671.0	697.0	503.0	524.0
559	831.0	650.0	668.0	482.0	495.0
560	885.0	694.0	707.0	514.0	518.0
561	833.0	652.0	667.0	492.0	485.0
562	841.0	652.0	673.0	496.0	479.0
563	828.0	641.0	667.0	495.0	473.0
564	882.0	685.0	716.0	520.0	509.0
565	835.0	654.0	687.0	487.0	493.0
566	849.0	671.0	688.0	492.0	511.0
567	834.0	660.0	671.0	475.0	498.0
568	874.0	689.0	704.0	495.0	511.0
569	902.0	701.0	726.0	500.0	519.0
570	861.0	660.0	699.0	468.0	492.0
571	862.0	665.0	707.0	471.0	504.0
572	844.0	663.0	692.0	470.0	516.0
573	893.0	704.0	725.0	496.0	538.0
574	839.0	662.0	680.0	473.0	500.0
575	857.0	676.0	690.0	489.0	508.0
576	872.0	693.0	702.0	513.0	518.0
577	824.0	656.0	660.0	487.0	483.0
578	860.0	680.0	680.0	499.0	492.0
579	830.0	662.0	660.0	483.0	473.0
580	866.0	704.0	692.0	503.0	499.0
581	820.0	670.0	653.0	474.0	471.0
582	836.0	672.0	666.0	478.0	472.0
583	927.0	732.0	739.0	526.0	521.0
584	851.0	678.0	689.0	496.0	494.0
585	864.0	684.0	696.0	497.0	503.0
586	843.0	665.0	679.0	478.0	491.0
587	848.0	669.0	681.0	480.0	494.0
588	835.0	659.0	672.0	478.0	494.0
589	877.0	688.0	703.0	499.0	509.0
590	813.0	633.0	652.0	463.0	467.0
591	862.0	671.0	692.0	493.0	494.0
592	847.0	660.0	686.0	505.0	498.0
593	820.0	641.0	662.0	489.0	485.0
594	840.0	661.0	674.0	489.0	492.0
595	854.0	675.0	681.0	495.0	495.0
596	818.0	660.0	657.0	482.0	478.0
597	842.0	688.0	673.0	487.0	485.0
598	826.0	682.0	661.0	470.0	469.0
599	888.0	718.0	713.0	493.0	501.0
600	896.0	714.0	730.0	502.0	520.0
601	847.0	672.0	693.0	476.0	507.0
602	845.0	661.0	681.0	472.0	506.0
603	906.0	703.0	728.0	500.0	527.0
604	833.0	655.0	676.0	472.0	493.0
605	831.0	655.0	670.0	472.0	491.0
606	865.0	683.0	694.0	490.0	502.0
607	813.0	643.0	648.0	470.0	472.0
608	854.0	679.0	684.0	511.0	499.0
609	881.0	697.0	703.0	537.0	506.0
610	853.0	674.0	679.0	523.0	489.0
611	833.0	654.0	664.0	500.0	476.0
612	861.0	677.0	685.0	510.0	496.0
613	883.0	692.0	703.0	508.0	503.0
614	864.0	673.0	688.0	484.0	487.0
615	893.0	690.0	714.0	493.0	502.0
616	878.0	674.0	712.0	489.0	502.0
617	892.0	677.0	732.0	492.0	514.0
618	848.0	645.0	702.0	469.0	509.0
619	839.0	644.0	684.0	471.0	518.0
620	859.0	666.0	698.0	492.0	528.0
621	907.0	707.0	726.0	515.0	538.0
622	833.0	653.0	663.0	469.0	486.0
623	831.0	652.0	660.0	464.0	476.0
624	922.0	727.0	735.0	519.0	526.0
625	879.0	693.0	700.0	497.0	501.0
626	865.0	682.0	689.0	486.0	491.0
627	844.0	668.0	675.0	477.0	483.0
628	856.0	687.0	688.0	491.0	499.0
629	855.0	693.0	686.0	485.0	496.0
630	822.0	675.0	654.0	464.0	476.0
631	829.0	675.0	658.0	464.0	475.0
632	891.0	714.0	708.0	503.0	508.0
633	834.0	670.0	668.0	472.0	477.0
634	823.0	658.0	659.0	466.0	470.0
635	805.0	640.0	643.0	456.0	462.0
636	917.0	733.0	734.0	526.0	529.0
637	851.0	684.0	679.0	492.0	494.0
638	814.0	651.0	648.0	469.0	469.0
639	844.0	671.0	668.0	488.0	478.0
640	842.0	669.0	669.0	500.0	483.0
641	842.0	662.0	670.0	505.0	479.0
642	811.0	636.0	647.0	484.0	458.0
643	829.0	649.0	660.0	482.0	470.0
644	857.0	678.0	687.0	500.0	494.0
645	885.0	704.0	709.0	511.0	507.0
646	861.0	692.0	685.0	489.0	491.0
647	828.0	675.0	663.0	473.0	473.0
648	887.0	719.0	716.0	507.0	511.0
649	846.0	672.0	692.0	480.0	490.0
650	883.0	699.0	720.0	496.0	521.0
651	873.0	689.0	699.0	484.0	518.0
652	909.0	717.0	731.0	510.0	537.0
653	862.0	679.0	696.0	483.0	506.0
654	1396.0	1080.0	1098.0	757.0	777.0
655	826.0	643.0	664.0	465.0	477.0
656	886.0	692.0	714.0	511.0	516.0
657	832.0	647.0	669.0	489.0	487.0
658	853.0	662.0	681.0	511.0	495.0
659	851.0	659.0	673.0	513.0	487.0
660	906.0	710.0	723.0	544.0	525.0
661	842.0	662.0	672.0	497.0	485.0
662	840.0	662.0	667.0	486.0	476.0
663	840.0	662.0	668.0	480.0	472.0
664	860.0	682.0	692.0	493.0	493.0
665	841.0	660.0	679.0	469.0	480.0
666	871.0	669.0	707.0	475.0	494.0
667	885.0	680.0	724.0	482.0	516.0
668	931.0	724.0	755.0	511.0	562.0
669	888.0	691.0	714.0	488.0	533.0
670	844.0	661.0	679.0	462.0	494.0
671	875.0	691.0	700.0	480.0	506.0
672	867.0	690.0	693.0	487.0	507.0
673	831.0	660.0	664.0	468.0	482.0
674	855.0	678.0	681.0	482.0	486.0
675	873.0	692.0	694.0	500.0	497.0
676	813.0	653.0	649.0	479.0	472.0
677	875.0	704.0	692.0	506.0	500.0
678	836.0	682.0	662.0	480.0	474.0
679	818.0	674.0	647.0	469.0	460.0
680	823.0	686.0	655.0	477.0	471.0
681	831.0	688.0	662.0	476.0	470.0
682	830.0	679.0	660.0	472.0	463.0
683	877.0	698.0	696.0	496.0	491.0
684	842.0	666.0	677.0	484.0	484.0
685	836.0	658.0	670.0	477.0	484.0
686	832.0	653.0	663.0	470.0	480.0
687	892.0	706.0	710.0	503.0	508.0
688	879.0	705.0	702.0	505.0	506.0
689	916.0	741.0	729.0	527.0	520.0
690	845.0	679.0	676.0	493.0	481.0
691	925.0	729.0	736.0	542.0	527.0
692	859.0	683.0	690.0	520.0	502.0
693	889.0	702.0	713.0	535.0	513.0
694	859.0	675.0	683.0	505.0	494.0
695	825.0	650.0	658.0	476.0	473.0
696	939.0	742.0	748.0	533.0	534.0
697	890.0	707.0	711.0	495.0	502.0
698	882.0	709.0	710.0	489.0	499.0
699	884.0	708.0	715.0	492.0	506.0
700	888.0	700.0	726.0	508.0	522.0
701	884.0	691.0	724.0	507.0	525.0
702	892.0	697.0	722.0	509.0	537.0
703	895.0	700.0	719.0	507.0	533.0
704	850.0	674.0	683.0	490.0	505.0
705	848.0	669.0	678.0	482.0	491.0
706	834.0	648.0	663.0	469.0	470.0
707	880.0	680.0	701.0	492.0	494.0
708	905.0	705.0	730.0	519.0	517.0
709	865.0	682.0	703.0	512.0	504.0
710	837.0	668.0	676.0	506.0	494.0
711	850.0	684.0	681.0	505.0	497.0
712	884.0	712.0	708.0	518.0	518.0
713	856.0	686.0	684.0	494.0	495.0
714	861.0	681.0	687.0	489.0	491.0
715	857.0	666.0	684.0	479.0	483.0
716	890.0	685.0	715.0	495.0	504.0
717	886.0	675.0	722.0	487.0	504.0
718	857.0	652.0	704.0	466.0	498.0
719	860.0	665.0	703.0	477.0	522.0
720	852.0	663.0	691.0	487.0	523.0
721	869.0	675.0	700.0	500.0	515.0
722	845.0	655.0	674.0	491.0	490.0
723	878.0	683.0	697.0	510.0	500.0
724	845.0	665.0	675.0	499.0	490.0
725	853.0	670.0	679.0	494.0	489.0
726	877.0	685.0	695.0	493.0	496.0
727	843.0	657.0	668.0	471.0	475.0
728	862.0	674.0	689.0	486.0	489.0
729	894.0	698.0	713.0	500.0	506.0
730	841.0	654.0	678.0	465.0	477.0
731	834.0	654.0	676.0	462.0	481.0
732	853.0	683.0	691.0	480.0	507.0
733	845.0	688.0	682.0	474.0	502.0
734	850.0	694.0	679.0	475.0	496.0
735	912.0	743.0	723.0	508.0	520.0
736	859.0	699.0	687.0	489.0	495.0
737	873.0	698.0	698.0	495.0	501.0
738	834.0	659.0	665.0	471.0	478.0
739	851.0	669.0	677.0	482.0	486.0
740	848.0	671.0	677.0	492.0	492.0
741	819.0	650.0	654.0	478.0	474.0
742	906.0	712.0	716.0	517.0	508.0
743	831.0	656.0	660.0	483.0	470.0
744	881.0	699.0	700.0	522.0	502.0
745	834.0	660.0	665.0	499.0	477.0
746	855.0	673.0	680.0	509.0	485.0
747	850.0	669.0	676.0	504.0	481.0
748	875.0	693.0	700.0	512.0	502.0
749	866.0	691.0	690.0	491.0	495.0
750	854.0	684.0	682.0	476.0	488.0
751	878.0	703.0	701.0	482.0	496.0
752	907.0	733.0	734.0	500.0	519.0
753	889.0	714.0	718.0	487.0	514.0
754	962.0	755.0	777.0	524.0	553.0
755	863.0	669.0	703.0	477.0	508.0
756	860.0	672.0	698.0	489.0	522.0
757	848.0	665.0	682.0	482.0	509.0
758	822.0	647.0	656.0	469.0	482.0
759	834.0	652.0	661.0	475.0	476.0
760	869.0	685.0	692.0	505.0	498.0
761	869.0	681.0	689.0	507.0	492.0
762	828.0	647.0	658.0	489.0	468.0
763	856.0	665.0	680.0	508.0	481.0
764	893.0	697.0	714.0	543.0	513.0
765	850.0	662.0	676.0	508.0	486.0
766	829.0	645.0	660.0	480.0	471.0
767	888.0	686.0	703.0	495.0	496.0
768	886.0	686.0	709.0	499.0	505.0
769	911.0	703.0	730.0	502.0	515.0
770	871.0	666.0	700.0	477.0	494.0
771	910.0	689.0	734.0	489.0	514.0
772	903.0	694.0	742.0	496.0	530.0
773	866.0	672.0	707.0	479.0	522.0
774	865.0	679.0	698.0	480.0	522.0
775	848.0	671.0	677.0	471.0	502.0
776	863.0	693.0	690.0	488.0	505.0
777	844.0	681.0	671.0	475.0	484.0
778	818.0	672.0	651.0	461.0	466.0
779	863.0	721.0	682.0	482.0	487.0
780	856.0	781.0	684.0	490.0	494.0
781	846.0	981.0	673.0	481.0	482.0
782	855.0	1324.0	679.0	486.0	485.0
783	832.0	1800.0	659.0	472.0	471.0
784	854.0	2638.0	677.0	491.0	488.0
785	839.0	3323.0	665.0	481.0	477.0
786	846.0	2484.0	671.0	482.0	477.0
787	823.0	1482.0	652.0	470.0	463.0
788	847.0	1094.0	677.0	496.0	486.0
789	870.0	873.0	691.0	508.0	492.0
790	855.0	747.0	679.0	509.0	483.0
791	1604.0	1279.0	1247.0	912.0	864.0
792	860.0	710.0	687.0	644.0	497.0
793	875.0	707.0	697.0	893.0	498.0
794	867.0	691.0	689.0	1239.0	491.0
795	873.0	687.0	693.0	1799.0	490.0
796	881.0	691.0	705.0	2675.0	501.0
797	882.0	686.0	707.0	2823.0	498.0
798	874.0	670.0	699.0	1694.0	489.0
799	938.0	674.0	737.0	1064.0	496.0
800	1176.0	698.0	917.0	778.0	533.0
801	1530.0	703.0	1271.0	608.0	593.0
802	2003.0	690.0	1750.0	529.0	798.0
803	2812.0	705.0	2558.0	526.0	1158.0
804	3346.0	687.0	3645.0	516.0	1672.0
805	2425.0	672.0	3472.0	493.0	2519.0
806	1656.0	726.0	2076.0	526.0	3299.0
807	1223.0	673.0	1352.0	485.0	2367.0
808	1011.0	685.0	1000.0	497.0	1361.0
809	929.0	689.0	819.0	501.0	931.0
810	876.0	660.0	731.0	490.0	671.0
811	900.0	683.0	739.0	507.0	574.0
812	873.0	675.0	714.0	508.0	544.0
813	878.0	681.0	707.0	513.0	532.0
814	864.0	674.0	692.0	506.0	508.0
815	835.0	649.0	670.0	480.0	481.0
816	886.0	688.0	712.0	509.0	516.0
817	1033.0	791.0	821.0	573.0	582.0
818	859.0	660.0	691.0	479.0	491.0
819	925.0	710.0	742.0	516.0	527.0
820	932.0	716.0	745.0	528.0	539.0
821	893.0	679.0	715.0	493.0	509.0
822	861.0	659.0	695.0	474.0	498.0
823	863.0	676.0	692.0	477.0	505.0
824	861.0	683.0	689.0	486.0	511.0
825	881.0	702.0	704.0	494.0	509.0
826	834.0	666.0	666.0	466.0	479.0
827	896.0	702.0	715.0	493.0	507.0
828	869.0	684.0	706.0	491.0	508.0
829	850.0	668.0	683.0	478.0	500.0
830	859.0	671.0	683.0	482.0	501.0
831	860.0	670.0	683.0	483.0	492.0
832	864.0	675.0	688.0	497.0	498.0
833	853.0	661.0	679.0	486.0	486.0
834	832.0	642.0	661.0	474.0	471.0
835	845.0	654.0	669.0	482.0	478.0
836	857.0	668.0	681.0	501.0	494.0
837	840.0	650.0	667.0	491.0	476.0
838	848.0	655.0	672.0	489.0	477.0
839	847.0	651.0	671.0	476.0	473.0
840	887.0	687.0	710.0	504.0	508.0
841	880.0	678.0	698.0	492.0	502.0
842	853.0	656.0	679.0	474.0	485.0
843	858.0	658.0	683.0	470.0	483.0
844	898.0	693.0	719.0	498.0	516.0
845	937.0	724.0	753.0	510.0	532.0
846	850.0	662.0	683.0	465.0	495.0
847	839.0	653.0	669.0	460.0	487.0
848	882.0	688.0	702.0	491.0	512.0
849	875.0	683.0	694.0	485.0	500.0
850	853.0	671.0	677.0	474.0	486.0
851	862.0	679.0	684.0	478.0	488.0
852	844.0	667.0	674.0	481.0	488.0
853	857.0	674.0	680.0	486.0	490.0
854	845.0	663.0	668.0	475.0	477.0
855	852.0	667.0	676.0	483.0	483.0
856	865.0	682.0	685.0	497.0	493.0
857	848.0	668.0	673.0	489.0	481.0
858	846.0	660.0	668.0	482.0	473.0
859	837.0	651.0	661.0	472.0	470.0
860	902.0	703.0	715.0	512.0	511.0
861	856.0	667.0	679.0	488.0	485.0
862	865.0	672.0	685.0	493.0	487.0
863	819.0	633.0	649.0	462.0	460.0
864	1058.0	817.0	834.0	583.0	588.0
865	873.0	679.0	697.0	488.0	496.0
866	826.0	649.0	661.0	461.0	474.0
867	865.0	684.0	685.0	479.0	493.0
868	871.0	692.0	693.0	491.0	502.0
869	872.0	682.0	693.0	485.0	493.0
870	837.0	649.0	669.0	462.0	474.0
871	832.0	648.0	662.0	460.0	477.0
872	873.0	687.0	695.0	492.0	510.0
873	835.0	656.0	662.0	466.0	477.0
874	949.0	743.0	748.0	521.0	529.0
875	829.0	655.0	655.0	461.0	467.0
876	838.0	666.0	666.0	474.0	479.0
877	864.0	681.0	684.0	489.0	490.0
878	860.0	673.0	678.0	490.0	487.0
879	817.0	638.0	644.0	471.0	461.0
880	843.0	659.0	667.0	489.0	480.0
881	866.0	672.0	680.0	490.0	485.0
882	810.0	629.0	638.0	456.0	455.0
883	838.0	650.0	659.0	465.0	467.0
884	878.0	684.0	694.0	496.0	496.0
885	899.0	694.0	711.0	501.0	500.0
886	861.0	660.0	683.0	479.0	478.0
887	846.0	647.0	673.0	472.0	476.0
888	849.0	659.0	682.0	487.0	496.0
889	896.0	698.0	710.0	504.0	518.0
890	840.0	653.0	663.0	467.0	479.0
891	863.0	670.0	679.0	475.0	484.0
892	840.0	657.0	666.0	469.0	477.0
893	842.0	657.0	666.0	467.0	474.0
894	840.0	654.0	665.0	462.0	472.0
895	899.0	697.0	711.0	488.0	501.0
896	868.0	680.0	695.0	485.0	499.0
897	851.0	665.0	675.0	474.0	490.0
898	855.0	667.0	674.0	474.0	488.0
899	844.0	660.0	663.0	468.0	477.0
900	833.0	657.0	661.0	475.0	477.0
901	847.0	663.0	666.0	474.0	475.0
902	862.0	676.0	678.0	482.0	481.0
903	832.0	655.0	652.0	464.0	463.0
904	828.0	660.0	655.0	472.0	469.0
905	909.0	720.0	713.0	510.0	506.0
906	834.0	665.0	657.0	472.0	469.0
907	836.0	663.0	656.0	471.0	466.0
908	874.0	697.0	690.0	498.0	494.0
909	871.0	688.0	685.0	485.0	485.0
910	854.0	675.0	672.0	476.0	477.0
911	857.0	677.0	673.0	472.0	477.0
912	868.0	693.0	688.0	489.0	494.0
913	841.0	667.0	665.0	468.0	472.0
914	863.0	681.0	683.0	482.0	487.0
915	816.0	642.0	647.0	457.0	458.0
916	886.0	700.0	705.0	511.0	509.0
917	877.0	688.0	691.0	501.0	497.0
918	864.0	676.0	680.0	493.0	486.0
919	830.0	648.0	652.0	476.0	463.0
920	923.0	725.0	727.0	532.0	519.0
921	834.0	654.0	658.0	478.0	468.0
922	870.0	680.0	687.0	493.0	487.0
923	833.0	650.0	657.0	472.0	465.0
924	854.0	674.0	683.0	495.0	487.0
925	850.0	674.0	680.0	483.0	485.0
926	862.0	682.0	686.0	485.0	497.0
927	822.0	647.0	657.0	461.0	471.0
928	896.0	712.0	716.0	507.0	520.0
929	881.0	702.0	702.0	492.0	509.0
930	849.0	667.0	673.0	469.0	486.0
931	857.0	663.0	677.0	465.0	480.0
932	972.0	754.0	778.0	541.0	553.0
933	858.0	667.0	686.0	478.0	496.0
934	877.0	680.0	697.0	489.0	508.0
935	829.0	641.0	657.0	463.0	473.0
936	852.0	667.0	679.0	493.0	495.0
937	843.0	660.0	665.0	488.0	481.0
938	853.0	668.0	671.0	492.0	484.0
939	835.0	654.0	658.0	477.0	468.0
940	848.0	670.0	673.0	497.0	486.0
941	856.0	672.0	676.0	496.0	483.0
942	847.0	662.0	668.0	480.0	474.0
943	838.0	647.0	660.0	464.0	465.0
944	870.0	672.0	693.0	487.0	492.0
945	876.0	675.0	702.0	484.0	496.0
946	879.0	679.0	701.0	481.0	503.0
947	850.0	660.0	677.0	465.0	488.0
948	876.0	683.0	701.0	486.0	504.0
949	900.0	700.0	719.0	493.0	513.0
950	847.0	663.0	674.0	471.0	493.0
951	875.0	684.0	689.0	487.0	503.0
952	1472.0	1135.0	1143.0	800.0	806.0
953	826.0	647.0	653.0	469.0	471.0
954	861.0	672.0	675.0	482.0	483.0
955	818.0	640.0	642.0	456.0	457.0
956	873.0	687.0	692.0	493.0	495.0
957	848.0	666.0	670.0	475.0	476.0
958	871.0	684.0	687.0	488.0	488.0
959	830.0	651.0	654.0	466.0	465.0
960	870.0	687.0	690.0	495.0	493.0
961	909.0	705.0	707.0	504.0	505.0
962	864.0	679.0	681.0	486.0	488.0
963	845.0	662.0	666.0	470.0	477.0
964	841.0	661.0	665.0	474.0	481.0
965	829.0	648.0	655.0	465.0	469.0
966	850.0	658.0	669.0	470.0	474.0
967	841.0	651.0	663.0	465.0	469.0
968	852.0	664.0	677.0	478.0	484.0
969	850.0	663.0	675.0	476.0	484.0
970	837.0	655.0	663.0	469.0	475.0
971	832.0	654.0	655.0	468.0	471.0
972	846.0	674.0	670.0	486.0	486.0
973	864.0	693.0	681.0	492.0	489.0
974	876.0	700.0	688.0	491.0	489.0
975	833.0	661.0	655.0	463.0	462.0
976	867.0	690.0	687.0	489.0	493.0
977	840.0	670.0	663.0	468.0	474.0
978	851.0	681.0	673.0	472.0	478.0
979	845.0	681.0	668.0	466.0	473.0
980	847.0	691.0	674.0	476.0	484.0
981	857.0	706.0	682.0	482.0	490.0
982	869.0	706.0	687.0	485.0	493.0
983	837.0	669.0	661.0	473.0	475.0
984	879.0	702.0	696.0	508.0	503.0
985	863.0	681.0	679.0	502.0	488.0
986	827.0	650.0	650.0	477.0	463.0
987	834.0	654.0	656.0	475.0	467.0
988	860.0	678.0	682.0	498.0	487.0
989	843.0	663.0	666.0	487.0	474.0
990	859.0	675.0	678.0	496.0	481.0
991	874.0	688.0	690.0	508.0	487.0
992	852.0	678.0	680.0	510.0	484.0
993	850.0	681.0	683.0	508.0	482.0
994	888.0	704.0	708.0	516.0	508.0
995	842.0	660.0	671.0	480.0	491.0
996	891.0	695.0	711.0	505.0	514.0
997	890.0	688.0	707.0	495.0	504.0
998	872.0	668.0	695.0	475.0	490.0
999	853.0	650.0	687.0	463.0	483.0
1000	896.0	683.0	728.0	493.0	521.0
1001	882.0	672.0	720.0	485.0	519.0
1002	858.0	662.0	697.0	480.0	518.0
1003	892.0	694.0	712.0	504.0	535.0
1004	876.0	691.0	699.0	514.0	520.0
1005	855.0	682.0	678.0	507.0	495.0
1006	848.0	685.0	669.0	492.0	485.0
1007	847.0	699.0	667.0	478.0	477.0
1008	875.0	730.0	695.0	500.0	499.0
1009	873.0	708.0	689.0	491.0	492.0
1010	896.0	709.0	709.0	499.0	502.0
1011	891.0	695.0	706.0	491.0	497.0
1012	919.0	713.0	738.0	510.0	524.0
1013	883.0	681.0	718.0	487.0	508.0
1014	877.0	682.0	707.0	487.0	520.0
1015	846.0	662.0	673.0	475.0	505.0
1016	853.0	672.0	679.0	490.0	499.0
1017	889.0	698.0	703.0	512.0	507.0
1018	874.0	685.0	689.0	515.0	493.0
1019	839.0	659.0	663.0	515.0	475.0
1020	903.0	712.0	715.0	558.0	515.0
1021	851.0	670.0	673.0	508.0	484.0
1022	879.0	692.0	694.0	504.0	494.0
1023	847.0	674.0	670.0	479.0	477.0
1024	886.0	716.0	703.0	496.0	499.0
