/* Tiempo de exposicion:	12	9	9	6	6
/* Numero de Scans	1	1	1	1	1
/* Scans Ignorados	0	0	0	0	0
/* Modo de Adquiquisicion	1 	1 	1 	1 	1 
/* Temperatura del detector	0 	0 	0 	0 	0 
/*Red	1	1	1	1	1
/*Posicion del Contador	999	999	999	999	999
/*Archivo:	barridoP_0009.OMAIII	barridoP_0019.OMAIII	barridoP_0029.OMAIII	barridoP_0039.OMAIII	barridoP_0049.OMAIII
1	60.0	60.0	60.0	60.0	61.0
2	550.0	364.0	370.0	175.0	184.0
3	720.0	544.0	552.0	365.0	376.0
4	835.0	653.0	664.0	470.0	478.0
5	833.0	649.0	664.0	466.0	472.0
6	791.0	616.0	628.0	438.0	444.0
7	814.0	634.0	641.0	452.0	454.0
8	814.0	636.0	645.0	458.0	455.0
9	848.0	664.0	671.0	479.0	472.0
10	807.0	630.0	629.0	450.0	441.0
11	815.0	638.0	632.0	454.0	448.0
12	842.0	661.0	656.0	479.0	474.0
13	801.0	627.0	624.0	450.0	447.0
14	795.0	617.0	613.0	441.0	434.0
15	839.0	650.0	650.0	461.0	463.0
16	848.0	663.0	669.0	476.0	481.0
17	894.0	697.0	702.0	496.0	503.0
18	789.0	613.0	620.0	434.0	440.0
19	1062.0	823.0	829.0	576.0	581.0
20	804.0	630.0	637.0	453.0	456.0
21	866.0	675.0	682.0	484.0	486.0
22	833.0	650.0	655.0	464.0	468.0
23	792.0	619.0	623.0	443.0	448.0
24	832.0	653.0	658.0	468.0	472.0
25	916.0	715.0	722.0	508.0	512.0
26	949.0	736.0	743.0	519.0	520.0
27	877.0	682.0	689.0	485.0	485.0
28	826.0	648.0	654.0	466.0	468.0
29	966.0	750.0	756.0	535.0	535.0
30	872.0	680.0	682.0	483.0	486.0
31	825.0	643.0	646.0	460.0	463.0
32	837.0	656.0	660.0	473.0	476.0
33	802.0	627.0	632.0	450.0	456.0
34	820.0	637.0	645.0	452.0	461.0
35	793.0	616.0	626.0	438.0	447.0
36	834.0	655.0	665.0	473.0	478.0
37	846.0	664.0	675.0	479.0	482.0
38	793.0	619.0	630.0	443.0	443.0
39	820.0	642.0	649.0	461.0	461.0
40	812.0	638.0	642.0	463.0	463.0
41	838.0	657.0	660.0	474.0	475.0
42	803.0	628.0	629.0	449.0	454.0
43	794.0	622.0	624.0	447.0	453.0
44	802.0	630.0	636.0	456.0	467.0
45	838.0	654.0	665.0	470.0	485.0
46	810.0	633.0	647.0	452.0	473.0
47	830.0	648.0	666.0	462.0	489.0
48	796.0	625.0	645.0	453.0	474.0
49	846.0	661.0	685.0	475.0	497.0
50	844.0	659.0	684.0	472.0	491.0
51	1010.0	786.0	807.0	559.0	580.0
52	842.0	664.0	681.0	481.0	504.0
53	818.0	645.0	664.0	471.0	491.0
54	853.0	671.0	691.0	486.0	500.0
55	843.0	666.0	684.0	482.0	487.0
56	835.0	659.0	679.0	478.0	476.0
57	811.0	639.0	660.0	467.0	459.0
58	812.0	640.0	648.0	465.0	455.0
59	837.0	661.0	654.0	481.0	469.0
60	916.0	724.0	714.0	528.0	518.0
61	848.0	672.0	660.0	491.0	482.0
62	817.0	643.0	635.0	467.0	465.0
63	836.0	658.0	657.0	471.0	481.0
64	852.0	669.0	680.0	482.0	504.0
65	817.0	641.0	659.0	463.0	490.0
66	800.0	625.0	645.0	447.0	466.0
67	800.0	628.0	652.0	453.0	457.0
68	820.0	647.0	672.0	472.0	470.0
69	819.0	645.0	658.0	470.0	466.0
70	813.0	639.0	640.0	462.0	458.0
71	822.0	647.0	644.0	472.0	465.0
72	829.0	657.0	653.0	484.0	477.0
73	833.0	661.0	653.0	482.0	480.0
74	837.0	655.0	655.0	468.0	482.0
75	823.0	643.0	655.0	462.0	487.0
76	822.0	646.0	664.0	466.0	499.0
77	800.0	629.0	653.0	455.0	495.0
78	836.0	655.0	683.0	472.0	520.0
79	823.0	645.0	677.0	464.0	508.0
80	823.0	648.0	687.0	473.0	489.0
81	815.0	644.0	688.0	471.0	469.0
82	830.0	652.0	689.0	475.0	464.0
83	848.0	670.0	678.0	490.0	475.0
84	855.0	680.0	673.0	504.0	485.0
85	831.0	665.0	648.0	494.0	468.0
86	823.0	659.0	636.0	491.0	461.0
87	882.0	702.0	679.0	509.0	492.0
88	834.0	656.0	651.0	472.0	479.0
89	847.0	660.0	669.0	474.0	496.0
90	811.0	635.0	648.0	456.0	492.0
91	799.0	625.0	645.0	449.0	510.0
92	838.0	659.0	689.0	476.0	585.0
93	827.0	651.0	692.0	472.0	626.0
94	868.0	680.0	752.0	485.0	686.0
95	849.0	667.0	792.0	478.0	717.0
96	825.0	654.0	828.0	480.0	761.0
97	865.0	685.0	902.0	503.0	848.0
98	827.0	655.0	908.0	482.0	899.0
99	872.0	701.0	998.0	536.0	799.0
100	961.0	794.0	1127.0	617.0	621.0
101	920.0	772.0	1150.0	613.0	509.0
102	1040.0	874.0	1042.0	683.0	524.0
103	989.0	847.0	747.0	682.0	489.0
104	1041.0	911.0	696.0	757.0	496.0
105	1090.0	970.0	675.0	817.0	478.0
106	1129.0	1024.0	653.0	837.0	458.0
107	1221.0	990.0	683.0	675.0	484.0
108	1006.0	748.0	646.0	520.0	473.0
109	868.0	673.0	650.0	487.0	477.0
110	793.0	624.0	621.0	457.0	455.0
111	825.0	654.0	653.0	478.0	481.0
112	845.0	668.0	673.0	483.0	502.0
113	844.0	663.0	680.0	480.0	508.0
114	824.0	645.0	668.0	463.0	487.0
115	806.0	633.0	657.0	457.0	467.0
116	819.0	647.0	675.0	475.0	479.0
117	841.0	667.0	687.0	487.0	487.0
118	799.0	630.0	640.0	460.0	455.0
119	816.0	647.0	659.0	472.0	463.0
120	1000.0	787.0	788.0	569.0	564.0
121	830.0	666.0	658.0	496.0	483.0
122	808.0	638.0	634.0	463.0	461.0
123	841.0	664.0	667.0	480.0	490.0
124	810.0	639.0	648.0	463.0	480.0
125	832.0	657.0	672.0	480.0	501.0
126	793.0	624.0	643.0	451.0	478.0
127	858.0	672.0	695.0	485.0	516.0
128	819.0	646.0	669.0	468.0	506.0
129	813.0	643.0	670.0	467.0	508.0
130	797.0	627.0	660.0	455.0	495.0
131	852.0	672.0	706.0	488.0	517.0
132	826.0	655.0	690.0	482.0	497.0
133	823.0	656.0	689.0	484.0	493.0
134	809.0	641.0	662.0	471.0	474.0
135	813.0	648.0	658.0	481.0	478.0
136	832.0	668.0	670.0	498.0	481.0
137	935.0	741.0	741.0	547.0	522.0
138	875.0	696.0	692.0	511.0	479.0
139	826.0	655.0	649.0	479.0	456.0
140	855.0	680.0	671.0	499.0	482.0
141	906.0	716.0	707.0	521.0	506.0
142	1124.0	886.0	876.0	629.0	618.0
143	795.0	628.0	621.0	458.0	449.0
144	875.0	690.0	687.0	498.0	498.0
145	835.0	655.0	659.0	472.0	482.0
146	791.0	619.0	627.0	445.0	457.0
147	808.0	634.0	643.0	455.0	469.0
148	795.0	626.0	638.0	456.0	464.0
149	809.0	636.0	652.0	460.0	467.0
150	838.0	656.0	671.0	471.0	477.0
151	790.0	620.0	632.0	448.0	453.0
152	829.0	652.0	663.0	474.0	477.0
153	818.0	645.0	653.0	470.0	475.0
154	939.0	736.0	739.0	528.0	532.0
155	789.0	622.0	627.0	451.0	461.0
156	794.0	626.0	636.0	455.0	473.0
157	830.0	654.0	665.0	471.0	495.0
158	779.0	612.0	627.0	440.0	469.0
159	823.0	645.0	666.0	463.0	504.0
160	793.0	626.0	649.0	457.0	500.0
161	802.0	632.0	659.0	457.0	489.0
162	793.0	624.0	658.0	453.0	466.0
163	810.0	638.0	674.0	464.0	466.0
164	835.0	663.0	687.0	488.0	481.0
165	871.0	689.0	701.0	505.0	495.0
166	850.0	673.0	675.0	497.0	480.0
167	821.0	656.0	646.0	487.0	464.0
168	845.0	679.0	663.0	503.0	481.0
169	812.0	647.0	637.0	475.0	462.0
170	867.0	680.0	679.0	490.0	489.0
171	834.0	651.0	656.0	468.0	480.0
172	815.0	643.0	651.0	465.0	479.0
173	814.0	639.0	652.0	463.0	478.0
174	804.0	631.0	646.0	455.0	473.0
175	811.0	636.0	652.0	459.0	480.0
176	860.0	676.0	696.0	489.0	512.0
177	801.0	633.0	652.0	459.0	478.0
178	772.0	608.0	631.0	440.0	448.0
179	840.0	660.0	681.0	478.0	477.0
180	812.0	644.0	659.0	470.0	467.0
181	803.0	636.0	643.0	465.0	460.0
182	928.0	730.0	730.0	527.0	522.0
183	818.0	649.0	644.0	474.0	467.0
184	872.0	693.0	686.0	505.0	502.0
185	815.0	644.0	643.0	467.0	474.0
186	821.0	643.0	649.0	462.0	482.0
187	814.0	638.0	651.0	458.0	488.0
188	798.0	630.0	650.0	458.0	492.0
189	812.0	640.0	668.0	465.0	503.0
190	790.0	621.0	651.0	448.0	487.0
191	799.0	628.0	662.0	455.0	491.0
192	940.0	739.0	774.0	535.0	566.0
193	793.0	630.0	663.0	462.0	478.0
194	838.0	663.0	688.0	484.0	483.0
195	891.0	704.0	723.0	515.0	506.0
196	830.0	663.0	670.0	493.0	482.0
197	811.0	648.0	648.0	482.0	467.0
198	855.0	679.0	674.0	499.0	484.0
199	977.0	772.0	767.0	562.0	550.0
200	842.0	670.0	668.0	495.0	489.0
201	861.0	681.0	685.0	496.0	503.0
202	867.0	682.0	689.0	490.0	505.0
203	825.0	649.0	664.0	469.0	491.0
204	862.0	680.0	700.0	495.0	521.0
205	903.0	713.0	736.0	515.0	543.0
206	853.0	669.0	695.0	482.0	509.0
207	825.0	651.0	678.0	472.0	487.0
208	849.0	673.0	699.0	491.0	496.0
209	826.0	657.0	678.0	481.0	479.0
210	827.0	654.0	665.0	478.0	474.0
211	856.0	681.0	682.0	497.0	491.0
212	841.0	670.0	669.0	497.0	485.0
213	887.0	704.0	702.0	518.0	512.0
214	799.0	635.0	633.0	465.0	470.0
215	839.0	662.0	667.0	480.0	498.0
216	814.0	643.0	658.0	470.0	496.0
217	847.0	670.0	693.0	487.0	518.0
218	817.0	644.0	674.0	466.0	502.0
219	1152.0	892.0	927.0	638.0	678.0
220	827.0	655.0	691.0	481.0	526.0
221	876.0	693.0	729.0	507.0	541.0
222	822.0	652.0	688.0	476.0	498.0
223	828.0	657.0	691.0	481.0	492.0
224	817.0	653.0	678.0	483.0	490.0
225	854.0	681.0	698.0	502.0	511.0
226	863.0	687.0	699.0	508.0	508.0
227	933.0	744.0	754.0	551.0	547.0
228	829.0	669.0	675.0	501.0	495.0
229	864.0	691.0	697.0	510.0	501.0
230	841.0	668.0	679.0	489.0	484.0
231	835.0	663.0	674.0	485.0	485.0
232	859.0	684.0	688.0	502.0	509.0
233	860.0	686.0	686.0	504.0	517.0
234	809.0	643.0	649.0	471.0	487.0
235	837.0	666.0	679.0	489.0	494.0
236	818.0	654.0	673.0	481.0	476.0
237	833.0	660.0	684.0	481.0	475.0
238	878.0	692.0	708.0	502.0	492.0
239	856.0	677.0	682.0	495.0	481.0
240	825.0	659.0	654.0	489.0	473.0
241	827.0	662.0	648.0	492.0	473.0
242	833.0	663.0	648.0	485.0	471.0
243	842.0	671.0	659.0	482.0	482.0
244	864.0	682.0	688.0	495.0	506.0
245	822.0	648.0	661.0	469.0	492.0
246	836.0	655.0	673.0	469.0	501.0
247	804.0	630.0	653.0	454.0	489.0
248	834.0	658.0	683.0	478.0	508.0
249	817.0	645.0	677.0	470.0	488.0
250	830.0	652.0	684.0	471.0	477.0
251	836.0	659.0	686.0	480.0	480.0
252	847.0	673.0	688.0	494.0	488.0
253	832.0	661.0	665.0	487.0	480.0
254	895.0	708.0	705.0	518.0	510.0
255	849.0	673.0	668.0	496.0	490.0
256	910.0	722.0	717.0	529.0	529.0
257	803.0	636.0	640.0	464.0	476.0
258	829.0	652.0	665.0	469.0	488.0
259	836.0	657.0	679.0	472.0	500.0
260	809.0	639.0	664.0	466.0	503.0
261	845.0	665.0	689.0	485.0	531.0
262	887.0	698.0	726.0	505.0	550.0
263	836.0	660.0	696.0	480.0	511.0
264	880.0	699.0	743.0	512.0	527.0
265	847.0	673.0	716.0	492.0	502.0
266	821.0	650.0	679.0	474.0	483.0
267	896.0	710.0	726.0	520.0	520.0
268	887.0	711.0	715.0	530.0	516.0
269	886.0	712.0	705.0	533.0	506.0
270	881.0	705.0	692.0	519.0	495.0
271	867.0	688.0	679.0	501.0	491.0
272	887.0	702.0	702.0	512.0	519.0
273	829.0	658.0	660.0	481.0	500.0
274	1035.0	811.0	820.0	583.0	615.0
275	854.0	674.0	691.0	490.0	528.0
276	857.0	679.0	708.0	495.0	527.0
277	814.0	645.0	685.0	469.0	486.0
278	913.0	716.0	762.0	516.0	522.0
279	836.0	660.0	697.0	480.0	481.0
280	877.0	697.0	712.0	513.0	508.0
281	867.0	691.0	688.0	514.0	499.0
282	881.0	703.0	689.0	519.0	496.0
283	871.0	695.0	680.0	513.0	490.0
284	860.0	687.0	675.0	507.0	499.0
285	863.0	683.0	680.0	496.0	509.0
286	819.0	644.0	655.0	465.0	494.0
287	877.0	685.0	710.0	495.0	537.0
288	841.0	666.0	693.0	486.0	538.0
289	823.0	654.0	688.0	475.0	532.0
290	850.0	670.0	715.0	484.0	526.0
291	882.0	698.0	751.0	505.0	526.0
292	831.0	662.0	713.0	486.0	499.0
293	844.0	671.0	704.0	495.0	499.0
294	818.0	651.0	665.0	482.0	478.0
295	857.0	686.0	686.0	509.0	491.0
296	869.0	702.0	691.0	528.0	498.0
297	862.0	696.0	679.0	519.0	490.0
298	866.0	689.0	675.0	502.0	492.0
299	840.0	665.0	662.0	485.0	495.0
300	861.0	684.0	690.0	502.0	526.0
301	840.0	669.0	681.0	492.0	528.0
302	804.0	637.0	658.0	464.0	512.0
303	846.0	667.0	701.0	482.0	529.0
304	853.0	676.0	724.0	494.0	527.0
305	842.0	668.0	723.0	489.0	510.0
306	845.0	670.0	715.0	490.0	504.0
307	869.0	690.0	718.0	509.0	517.0
308	897.0	716.0	729.0	533.0	530.0
309	847.0	686.0	687.0	515.0	494.0
310	849.0	684.0	677.0	511.0	486.0
311	859.0	688.0	679.0	507.0	496.0
312	923.0	734.0	728.0	536.0	547.0
313	907.0	719.0	720.0	525.0	555.0
314	838.0	665.0	677.0	488.0	534.0
315	861.0	685.0	707.0	501.0	557.0
316	909.0	721.0	760.0	527.0	578.0
317	901.0	712.0	774.0	517.0	551.0
318	858.0	677.0	748.0	494.0	507.0
319	889.0	704.0	760.0	516.0	518.0
320	855.0	685.0	710.0	509.0	509.0
321	844.0	682.0	680.0	514.0	505.0
322	903.0	726.0	711.0	546.0	527.0
323	868.0	706.0	684.0	531.0	506.0
324	934.0	754.0	739.0	557.0	545.0
325	878.0	700.0	703.0	511.0	522.0
326	892.0	703.0	723.0	507.0	538.0
327	887.0	701.0	725.0	510.0	557.0
328	863.0	689.0	718.0	509.0	562.0
329	1047.0	828.0	855.0	601.0	641.0
330	868.0	692.0	736.0	507.0	522.0
331	855.0	680.0	734.0	500.0	500.0
332	928.0	738.0	780.0	543.0	538.0
333	881.0	704.0	721.0	522.0	515.0
334	896.0	715.0	714.0	532.0	519.0
335	855.0	690.0	676.0	520.0	507.0
336	870.0	708.0	686.0	533.0	532.0
337	888.0	714.0	706.0	527.0	550.0
338	903.0	715.0	727.0	517.0	564.0
339	804.0	636.0	675.0	462.0	529.0
340	829.0	658.0	715.0	484.0	566.0
341	888.0	704.0	767.0	515.0	597.0
342	822.0	653.0	723.0	480.0	534.0
343	847.0	676.0	752.0	502.0	516.0
344	861.0	696.0	763.0	524.0	504.0
345	889.0	718.0	754.0	542.0	507.0
346	891.0	720.0	717.0	541.0	499.0
347	866.0	704.0	673.0	535.0	487.0
348	882.0	724.0	677.0	557.0	512.0
349	895.0	734.0	680.0	556.0	528.0
350	882.0	711.0	675.0	523.0	532.0
351	887.0	703.0	703.0	509.0	559.0
352	850.0	673.0	709.0	491.0	580.0
353	892.0	704.0	764.0	511.0	624.0
354	861.0	678.0	754.0	491.0	594.0
355	832.0	660.0	754.0	484.0	550.0
356	864.0	692.0	794.0	517.0	540.0
357	856.0	689.0	773.0	518.0	515.0
358	857.0	692.0	738.0	520.0	502.0
359	844.0	688.0	692.0	528.0	494.0
360	897.0	744.0	713.0	577.0	528.0
361	862.0	719.0	673.0	562.0	510.0
362	953.0	779.0	730.0	584.0	555.0
363	876.0	709.0	684.0	525.0	537.0
364	898.0	717.0	728.0	526.0	588.0
365	852.0	678.0	715.0	497.0	595.0
366	824.0	654.0	713.0	481.0	587.0
367	862.0	684.0	764.0	500.0	583.0
368	843.0	675.0	777.0	503.0	547.0
369	841.0	678.0	781.0	509.0	520.0
370	890.0	715.0	786.0	535.0	522.0
371	834.0	678.0	704.0	517.0	485.0
372	924.0	755.0	742.0	583.0	530.0
373	904.0	748.0	703.0	582.0	513.0
374	959.0	789.0	724.0	598.0	539.0
375	932.0	756.0	703.0	562.0	541.0
376	886.0	713.0	689.0	528.0	555.0
377	899.0	713.0	724.0	524.0	591.0
378	839.0	667.0	703.0	488.0	577.0
379	842.0	669.0	733.0	489.0	566.0
380	839.0	669.0	759.0	494.0	542.0
381	891.0	712.0	809.0	526.0	544.0
382	938.0	747.0	823.0	552.0	550.0
383	902.0	724.0	760.0	542.0	527.0
384	964.0	781.0	777.0	595.0	572.0
385	942.0	772.0	738.0	595.0	567.0
386	894.0	737.0	691.0	562.0	548.0
387	902.0	732.0	702.0	546.0	567.0
388	885.0	713.0	719.0	526.0	595.0
389	856.0	682.0	726.0	500.0	612.0
390	930.0	734.0	808.0	532.0	660.0
391	1001.0	788.0	884.0	572.0	672.0
392	859.0	690.0	810.0	518.0	566.0
393	868.0	701.0	822.0	530.0	526.0
394	843.0	684.0	767.0	522.0	485.0
395	906.0	740.0	756.0	561.0	509.0
396	894.0	741.0	709.0	581.0	511.0
397	867.0	729.0	657.0	578.0	499.0
398	891.0	747.0	656.0	581.0	518.0
399	974.0	795.0	721.0	593.0	583.0
400	939.0	755.0	728.0	555.0	617.0
401	906.0	716.0	743.0	522.0	648.0
402	837.0	661.0	732.0	478.0	629.0
403	858.0	673.0	785.0	490.0	624.0
404	850.0	678.0	823.0	503.0	590.0
405	842.0	675.0	822.0	507.0	547.0
406	830.0	669.0	781.0	507.0	512.0
407	886.0	720.0	775.0	555.0	525.0
408	978.0	804.0	801.0	633.0	572.0
409	912.0	768.0	718.0	613.0	539.0
410	963.0	805.0	729.0	626.0	570.0
411	945.0	778.0	715.0	592.0	591.0
412	925.0	755.0	733.0	566.0	638.0
413	918.0	739.0	765.0	546.0	674.0
414	886.0	706.0	782.0	518.0	652.0
415	902.0	718.0	845.0	527.0	626.0
416	1010.0	804.0	964.0	592.0	641.0
417	1056.0	842.0	983.0	625.0	631.0
418	879.0	714.0	798.0	545.0	523.0
419	869.0	715.0	729.0	560.0	519.0
420	932.0	781.0	736.0	622.0	566.0
421	1107.0	922.0	839.0	717.0	659.0
422	950.0	791.0	710.0	608.0	591.0
423	954.0	779.0	741.0	580.0	632.0
424	932.0	750.0	771.0	551.0	674.0
425	945.0	749.0	827.0	550.0	704.0
426	857.0	682.0	804.0	502.0	628.0
427	870.0	696.0	851.0	522.0	592.0
428	864.0	702.0	853.0	538.0	550.0
429	855.0	702.0	805.0	546.0	517.0
430	888.0	732.0	769.0	573.0	518.0
431	950.0	801.0	768.0	632.0	560.0
432	968.0	819.0	743.0	688.0	585.0
433	929.0	789.0	699.0	625.0	584.0
434	992.0	816.0	755.0	619.0	653.0
435	960.0	779.0	770.0	575.0	698.0
436	924.0	738.0	799.0	543.0	733.0
437	892.0	712.0	838.0	523.0	709.0
438	852.0	679.0	866.0	502.0	640.0
439	898.0	718.0	925.0	538.0	611.0
440	860.0	704.0	875.0	543.0	559.0
441	868.0	717.0	817.0	561.0	540.0
442	911.0	761.0	777.0	609.0	552.0
443	937.0	800.0	740.0	651.0	568.0
444	1005.0	864.0	758.0	697.0	617.0
445	1046.0	880.0	782.0	686.0	657.0
446	956.0	790.0	743.0	600.0	656.0
447	991.0	799.0	817.0	589.0	714.0
448	927.0	745.0	834.0	557.0	695.0
449	852.0	689.0	833.0	521.0	629.0
450	873.0	706.0	875.0	532.0	589.0
451	869.0	709.0	853.0	546.0	554.0
452	866.0	719.0	809.0	566.0	544.0
453	912.0	762.0	782.0	607.0	570.0
454	946.0	798.0	756.0	643.0	596.0
455	951.0	812.0	734.0	649.0	625.0
456	989.0	832.0	767.0	653.0	698.0
457	991.0	819.0	802.0	625.0	765.0
458	905.0	733.0	794.0	546.0	751.0
459	871.0	700.0	846.0	523.0	722.0
460	964.0	773.0	996.0	580.0	730.0
461	949.0	770.0	1010.0	585.0	656.0
462	880.0	723.0	914.0	562.0	572.0
463	905.0	754.0	863.0	600.0	567.0
464	937.0	801.0	806.0	661.0	586.0
465	1039.0	897.0	818.0	742.0	637.0
466	975.0	852.0	729.0	696.0	615.0
467	985.0	840.0	736.0	666.0	663.0
468	1005.0	841.0	796.0	647.0	734.0
469	936.0	763.0	807.0	574.0	717.0
470	943.0	760.0	892.0	569.0	712.0
471	885.0	718.0	909.0	546.0	643.0
472	883.0	724.0	915.0	559.0	599.0
473	882.0	729.0	877.0	576.0	569.0
474	915.0	764.0	835.0	611.0	580.0
475	942.0	800.0	784.0	653.0	613.0
476	1001.0	862.0	782.0	706.0	684.0
477	1013.0	870.0	780.0	695.0	738.0
478	995.0	837.0	798.0	653.0	793.0
479	958.0	795.0	839.0	603.0	824.0
480	967.0	786.0	939.0	589.0	823.0
481	926.0	749.0	1005.0	565.0	755.0
482	996.0	801.0	1099.0	609.0	719.0
483	880.0	730.0	977.0	580.0	611.0
484	915.0	776.0	926.0	636.0	597.0
485	942.0	816.0	843.0	685.0	595.0
486	1018.0	893.0	818.0	756.0	636.0
487	1074.0	948.0	800.0	785.0	690.0
488	1060.0	922.0	785.0	744.0	746.0
489	1037.0	880.0	812.0	688.0	783.0
490	999.0	822.0	866.0	625.0	775.0
491	951.0	776.0	933.0	588.0	744.0
492	980.0	798.0	1019.0	605.0	722.0
493	911.0	750.0	972.0	582.0	646.0
494	915.0	760.0	933.0	602.0	626.0
495	960.0	809.0	890.0	660.0	662.0
496	952.0	829.0	814.0	697.0	686.0
497	1045.0	909.0	840.0	750.0	769.0
498	1051.0	902.0	846.0	727.0	835.0
499	1046.0	889.0	889.0	702.0	887.0
500	1043.0	868.0	971.0	669.0	882.0
501	966.0	792.0	1027.0	610.0	807.0
502	941.0	774.0	1082.0	603.0	729.0
503	959.0	798.0	1074.0	636.0	681.0
504	962.0	819.0	1011.0	672.0	646.0
505	980.0	850.0	920.0	717.0	638.0
506	986.0	879.0	825.0	762.0	648.0
507	1068.0	960.0	813.0	813.0	724.0
508	1206.0	1049.0	897.0	848.0	859.0
509	1089.0	937.0	859.0	748.0	846.0
510	1049.0	875.0	918.0	674.0	834.0
511	1017.0	835.0	1015.0	640.0	818.0
512	992.0	815.0	1069.0	627.0	767.0
513	982.0	811.0	1068.0	634.0	724.0
514	902.0	761.0	969.0	618.0	665.0
515	940.0	808.0	910.0	676.0	692.0
516	1015.0	897.0	892.0	764.0	769.0
517	1044.0	927.0	863.0	783.0	842.0
518	1065.0	931.0	883.0	766.0	911.0
519	1041.0	902.0	928.0	728.0	913.0
520	1033.0	876.0	1031.0	687.0	889.0
521	1011.0	842.0	1127.0	660.0	831.0
522	965.0	806.0	1123.0	639.0	742.0
523	944.0	801.0	1072.0	654.0	700.0
524	977.0	851.0	1016.0	717.0	713.0
525	1016.0	910.0	935.0	789.0	736.0
526	1109.0	1001.0	917.0	857.0	799.0
527	1178.0	1046.0	926.0	870.0	881.0
528	1106.0	974.0	900.0	804.0	874.0
529	1150.0	985.0	1012.0	778.0	895.0
530	1076.0	898.0	1063.0	698.0	846.0
531	1047.0	872.0	1111.0	685.0	792.0
532	1047.0	881.0	1121.0	707.0	759.0
533	1026.0	874.0	1070.0	715.0	734.0
534	1035.0	901.0	989.0	756.0	758.0
535	1053.0	939.0	915.0	804.0	810.0
536	1128.0	1006.0	925.0	846.0	923.0
537	1114.0	984.0	938.0	815.0	953.0
538	1109.0	964.0	1011.0	783.0	949.0
539	1059.0	904.0	1090.0	713.0	895.0
540	1091.0	911.0	1203.0	715.0	848.0
541	1035.0	867.0	1181.0	695.0	759.0
542	993.0	850.0	1104.0	704.0	706.0
543	984.0	871.0	983.0	747.0	717.0
544	1051.0	956.0	917.0	838.0	812.0
545	1133.0	1029.0	896.0	881.0	909.0
546	1173.0	1045.0	923.0	873.0	939.0
547	1128.0	994.0	975.0	815.0	917.0
548	1144.0	975.0	1116.0	765.0	928.0
549	1077.0	897.0	1151.0	700.0	868.0
550	968.0	811.0	1104.0	645.0	765.0
551	1019.0	862.0	1138.0	707.0	782.0
552	998.0	882.0	1046.0	764.0	808.0
553	1075.0	972.0	998.0	849.0	904.0
554	1078.0	978.0	929.0	839.0	943.0
555	1121.0	1001.0	983.0	844.0	973.0
556	1176.0	1038.0	1119.0	858.0	996.0
557	1141.0	991.0	1185.0	794.0	950.0
558	1090.0	923.0	1200.0	730.0	862.0
559	1020.0	868.0	1166.0	703.0	781.0
560	1061.0	921.0	1168.0	772.0	789.0
561	1036.0	937.0	1035.0	822.0	809.0
562	1107.0	1016.0	967.0	883.0	890.0
563	1151.0	1045.0	933.0	891.0	938.0
564	1209.0	1084.0	1022.0	912.0	994.0
565	1158.0	1028.0	1079.0	854.0	976.0
566	1149.0	989.0	1154.0	791.0	963.0
567	1068.0	906.0	1165.0	726.0	882.0
568	1054.0	899.0	1201.0	734.0	854.0
569	1066.0	928.0	1189.0	786.0	880.0
570	1051.0	949.0	1071.0	830.0	934.0
571	1117.0	1016.0	1025.0	879.0	1008.0
572	1143.0	1038.0	1042.0	894.0	1022.0
573	1208.0	1084.0	1171.0	924.0	1035.0
574	1162.0	1042.0	1209.0	873.0	970.0
575	1169.0	1015.0	1247.0	823.0	897.0
576	1133.0	979.0	1253.0	802.0	859.0
577	1057.0	931.0	1176.0	795.0	846.0
578	1112.0	1007.0	1102.0	881.0	929.0
579	1149.0	1063.0	1017.0	928.0	975.0
580	1241.0	1127.0	1063.0	965.0	1026.0
581	1203.0	1088.0	1099.0	928.0	1019.0
582	1204.0	1075.0	1172.0	892.0	1016.0
583	1258.0	1081.0	1263.0	858.0	995.0
584	1113.0	951.0	1230.0	778.0	902.0
585	1080.0	941.0	1237.0	796.0	914.0
586	1069.0	965.0	1157.0	848.0	971.0
587	1132.0	1038.0	1096.0	905.0	1039.0
588	1165.0	1066.0	1101.0	925.0	1077.0
589	1226.0	1116.0	1204.0	961.0	1127.0
590	1172.0	1069.0	1218.0	916.0	1063.0
591	1218.0	1081.0	1291.0	879.0	985.0
592	1160.0	1010.0	1311.0	832.0	925.0
593	1095.0	967.0	1269.0	829.0	939.0
594	1129.0	1028.0	1185.0	902.0	1024.0
595	1198.0	1105.0	1130.0	962.0	1093.0
596	1207.0	1109.0	1139.0	979.0	1149.0
597	1245.0	1150.0	1234.0	1011.0	1183.0
598	1235.0	1137.0	1286.0	974.0	1120.0
599	1272.0	1121.0	1400.0	909.0	1035.0
600	1209.0	1053.0	1429.0	873.0	1004.0
601	1131.0	1014.0	1347.0	878.0	1012.0
602	1162.0	1069.0	1231.0	941.0	1041.0
603	1287.0	1181.0	1230.0	1030.0	1103.0
604	1270.0	1195.0	1216.0	1062.0	1105.0
605	1321.0	1229.0	1243.0	1074.0	1100.0
606	1358.0	1233.0	1293.0	1036.0	1037.0
607	1263.0	1114.0	1279.0	914.0	955.0
608	1226.0	1081.0	1324.0	912.0	1005.0
609	1226.0	1106.0	1273.0	957.0	1051.0
610	1229.0	1124.0	1194.0	967.0	1090.0
611	1234.0	1127.0	1201.0	986.0	1151.0
612	1280.0	1182.0	1257.0	1031.0	1228.0
613	1315.0	1205.0	1320.0	1039.0	1202.0
614	1294.0	1157.0	1370.0	953.0	1114.0
615	1258.0	1101.0	1441.0	919.0	1108.0
616	1188.0	1073.0	1397.0	932.0	1087.0
617	1208.0	1104.0	1325.0	959.0	1117.0
618	1197.0	1102.0	1284.0	984.0	1141.0
619	1234.0	1163.0	1277.0	1043.0	1177.0
620	1307.0	1234.0	1327.0	1111.0	1159.0
621	1392.0	1291.0	1413.0	1103.0	1128.0
622	1295.0	1170.0	1378.0	997.0	1067.0
623	1241.0	1132.0	1334.0	981.0	1059.0
624	1330.0	1204.0	1353.0	1027.0	1179.0
625	1284.0	1171.0	1307.0	1028.0	1226.0
626	1293.0	1202.0	1295.0	1060.0	1270.0
627	1306.0	1218.0	1353.0	1078.0	1215.0
628	1338.0	1238.0	1446.0	1057.0	1178.0
629	1316.0	1184.0	1503.0	1011.0	1145.0
630	1241.0	1135.0	1432.0	977.0	1157.0
631	1241.0	1128.0	1377.0	981.0	1228.0
632	1298.0	1204.0	1387.0	1080.0	1320.0
633	1291.0	1228.0	1366.0	1107.0	1307.0
634	1334.0	1273.0	1425.0	1139.0	1259.0
635	1350.0	1263.0	1460.0	1087.0	1205.0
636	1435.0	1299.0	1573.0	1107.0	1313.0
637	1333.0	1214.0	1481.0	1044.0	1400.0
638	1272.0	1171.0	1406.0	1049.0	1489.0
639	1310.0	1242.0	1462.0	1122.0	1581.0
640	1351.0	1288.0	1582.0	1172.0	1551.0
641	1379.0	1320.0	1690.0	1186.0	1454.0
642	1366.0	1277.0	1744.0	1128.0	1429.0
643	1341.0	1241.0	1713.0	1095.0	1540.0
644	1325.0	1242.0	1631.0	1147.0	1649.0
645	1372.0	1332.0	1635.0	1266.0	1731.0
646	1427.0	1409.0	1719.0	1345.0	1686.0
647	1465.0	1466.0	1793.0	1394.0	1587.0
648	1566.0	1526.0	1907.0	1393.0	1680.0
649	1489.0	1416.0	1837.0	1282.0	1835.0
650	1460.0	1386.0	1778.0	1300.0	2042.0
651	1434.0	1420.0	1820.0	1382.0	2055.0
652	1532.0	1537.0	2032.0	1493.0	1869.0
653	1547.0	1569.0	2174.0	1524.0	1630.0
654	2113.0	1983.0	2590.0	1751.0	1847.0
655	1523.0	1479.0	1946.0	1384.0	1581.0
656	1520.0	1500.0	1812.0	1474.0	1641.0
657	1501.0	1568.0	1747.0	1602.0	1541.0
658	1635.0	1731.0	1804.0	1774.0	1423.0
659	1740.0	1832.0	1829.0	1796.0	1434.0
660	1825.0	1816.0	1818.0	1648.0	1581.0
661	1650.0	1575.0	1637.0	1433.0	1592.0
662	1517.0	1481.0	1641.0	1400.0	1528.0
663	1505.0	1500.0	1751.0	1420.0	1404.0
664	1557.0	1553.0	1830.0	1460.0	1375.0
665	1558.0	1533.0	1757.0	1380.0	1437.0
666	1554.0	1454.0	1643.0	1274.0	1490.0
667	1486.0	1404.0	1600.0	1294.0	1461.0
668	1547.0	1515.0	1723.0	1430.0	1455.0
669	1591.0	1574.0	1754.0	1451.0	1447.0
670	1601.0	1551.0	1686.0	1376.0	1526.0
671	1612.0	1498.0	1666.0	1285.0	1546.0
672	1516.0	1397.0	1675.0	1243.0	1495.0
673	1437.0	1391.0	1759.0	1294.0	1460.0
674	1519.0	1480.0	1789.0	1344.0	1493.0
675	1580.0	1504.0	1750.0	1326.0	1531.0
676	1507.0	1425.0	1692.0	1264.0	1466.0
677	1545.0	1451.0	1759.0	1310.0	1521.0
678	1517.0	1488.0	1763.0	1381.0	1547.0
679	1582.0	1542.0	1707.0	1378.0	1562.0
680	1599.0	1516.0	1740.0	1345.0	1523.0
681	1560.0	1484.0	1799.0	1326.0	1523.0
682	1538.0	1468.0	1817.0	1341.0	1549.0
683	1589.0	1540.0	1798.0	1388.0	1540.0
684	1577.0	1502.0	1774.0	1339.0	1490.0
685	1547.0	1480.0	1808.0	1354.0	1537.0
686	1565.0	1529.0	1770.0	1397.0	1603.0
687	1670.0	1612.0	1767.0	1444.0	1609.0
688	1680.0	1590.0	1812.0	1398.0	1580.0
689	1677.0	1582.0	1924.0	1416.0	1640.0
690	1603.0	1555.0	1857.0	1408.0	1621.0
691	1711.0	1624.0	1883.0	1423.0	1622.0
692	1625.0	1532.0	1882.0	1363.0	1612.0
693	1623.0	1553.0	1922.0	1422.0	1680.0
694	1632.0	1603.0	1853.0	1467.0	1659.0
695	1662.0	1612.0	1838.0	1431.0	1642.0
696	1763.0	1655.0	1981.0	1467.0	1729.0
697	1675.0	1609.0	1932.0	1468.0	1675.0
698	1687.0	1639.0	1918.0	1474.0	1677.0
699	1699.0	1620.0	1946.0	1438.0	1732.0
700	1673.0	1600.0	1939.0	1459.0	1756.0
701	1682.0	1638.0	1945.0	1507.0	1792.0
702	1742.0	1688.0	2008.0	1510.0	1871.0
703	1757.0	1678.0	2024.0	1513.0	1944.0
704	1710.0	1662.0	2034.0	1523.0	2020.0
705	1721.0	1673.0	2106.0	1502.0	2070.0
706	1692.0	1633.0	2160.0	1495.0	2093.0
707	1727.0	1689.0	2286.0	1562.0	2208.0
708	1787.0	1745.0	2366.0	1587.0	2376.0
709	1756.0	1715.0	2373.0	1597.0	2572.0
710	1750.0	1743.0	2440.0	1639.0	2810.0
711	1818.0	1810.0	2610.0	1704.0	3119.0
712	1899.0	1909.0	2869.0	1808.0	3412.0
713	1951.0	1969.0	3145.0	1853.0	3443.0
714	2015.0	2017.0	3501.0	1897.0	3160.0
715	2039.0	2057.0	3806.0	1972.0	2729.0
716	2120.0	2178.0	3876.0	2118.0	2205.0
717	2217.0	2307.0	3541.0	2296.0	1636.0
718	2352.0	2502.0	3066.0	2505.0	1149.0
719	2576.0	2759.0	2507.0	2784.0	923.0
720	2816.0	3030.0	1908.0	3038.0	829.0
721	3060.0	3240.0	1419.0	3097.0	785.0
722	3095.0	3120.0	1130.0	2824.0	716.0
723	2922.0	2833.0	1040.0	2478.0	696.0
724	2576.0	2410.0	959.0	2001.0	673.0
725	2190.0	1940.0	911.0	1514.0	665.0
726	1776.0	1470.0	892.0	1092.0	661.0
727	1351.0	1108.0	847.0	857.0	640.0
728	1157.0	975.0	849.0	779.0	655.0
729	1091.0	926.0	860.0	743.0	650.0
730	989.0	837.0	813.0	663.0	592.0
731	953.0	802.0	811.0	630.0	581.0
732	962.0	807.0	818.0	637.0	597.0
733	952.0	798.0	795.0	626.0	588.0
734	954.0	794.0	788.0	618.0	579.0
735	1010.0	835.0	829.0	649.0	612.0
736	952.0	798.0	785.0	629.0	600.0
737	967.0	803.0	789.0	619.0	608.0
738	921.0	756.0	756.0	575.0	587.0
739	926.0	756.0	776.0	575.0	599.0
740	920.0	755.0	781.0	578.0	608.0
741	887.0	727.0	761.0	557.0	578.0
742	966.0	783.0	827.0	588.0	610.0
743	888.0	724.0	769.0	551.0	574.0
744	934.0	764.0	798.0	587.0	610.0
745	891.0	732.0	756.0	562.0	593.0
746	910.0	745.0	772.0	572.0	599.0
747	900.0	740.0	768.0	570.0	575.0
748	924.0	761.0	800.0	587.0	582.0
749	914.0	748.0	788.0	572.0	575.0
750	895.0	729.0	761.0	555.0	573.0
751	911.0	741.0	760.0	564.0	583.0
752	936.0	766.0	783.0	588.0	593.0
753	917.0	753.0	771.0	582.0	569.0
754	998.0	816.0	829.0	617.0	596.0
755	908.0	737.0	750.0	553.0	538.0
756	904.0	732.0	748.0	555.0	548.0
757	890.0	722.0	737.0	550.0	546.0
758	866.0	705.0	711.0	542.0	541.0
759	878.0	718.0	715.0	547.0	555.0
760	916.0	746.0	749.0	566.0	578.0
761	912.0	737.0	750.0	553.0	561.0
762	864.0	700.0	726.0	524.0	532.0
763	888.0	713.0	746.0	528.0	542.0
764	921.0	741.0	767.0	554.0	565.0
765	875.0	705.0	726.0	527.0	535.0
766	853.0	687.0	706.0	520.0	523.0
767	908.0	733.0	742.0	554.0	558.0
768	903.0	737.0	741.0	561.0	572.0
769	923.0	744.0	756.0	556.0	571.0
770	871.0	700.0	722.0	524.0	533.0
771	901.0	722.0	753.0	536.0	545.0
772	899.0	723.0	752.0	540.0	560.0
773	870.0	700.0	721.0	520.0	549.0
774	881.0	708.0	727.0	525.0	540.0
775	868.0	699.0	721.0	524.0	521.0
776	890.0	722.0	746.0	548.0	538.0
777	873.0	706.0	718.0	529.0	529.0
778	844.0	679.0	687.0	505.0	525.0
779	883.0	707.0	718.0	525.0	561.0
780	877.0	710.0	723.0	538.0	575.0
781	871.0	703.0	722.0	530.0	543.0
782	886.0	710.0	744.0	527.0	531.0
783	859.0	684.0	730.0	503.0	512.0
784	874.0	698.0	734.0	521.0	527.0
785	857.0	685.0	708.0	513.0	515.0
786	866.0	694.0	706.0	521.0	517.0
787	843.0	682.0	683.0	519.0	500.0
788	868.0	712.0	702.0	547.0	523.0
789	895.0	723.0	715.0	539.0	529.0
790	871.0	697.0	703.0	514.0	527.0
791	1616.0	1259.0	1265.0	887.0	915.0
792	867.0	695.0	710.0	518.0	539.0
793	882.0	705.0	726.0	518.0	536.0
794	870.0	692.0	721.0	510.0	535.0
795	871.0	691.0	719.0	508.0	542.0
796	872.0	697.0	720.0	517.0	544.0
797	863.0	690.0	717.0	511.0	534.0
798	836.0	668.0	702.0	502.0	525.0
799	839.0	673.0	700.0	506.0	527.0
800	868.0	699.0	717.0	523.0	555.0
801	872.0	697.0	723.0	516.0	555.0
802	845.0	677.0	710.0	507.0	531.0
803	874.0	703.0	736.0	527.0	541.0
804	864.0	700.0	732.0	527.0	538.0
805	853.0	683.0	715.0	510.0	516.0
806	928.0	742.0	768.0	552.0	550.0
807	859.0	690.0	707.0	517.0	506.0
808	867.0	702.0	709.0	533.0	515.0
809	880.0	710.0	710.0	537.0	521.0
810	853.0	688.0	684.0	515.0	504.0
811	885.0	709.0	706.0	527.0	521.0
812	870.0	700.0	703.0	524.0	531.0
813	877.0	701.0	709.0	519.0	544.0
814	863.0	687.0	700.0	506.0	538.0
815	833.0	662.0	684.0	484.0	517.0
816	878.0	700.0	739.0	518.0	559.0
817	1019.0	805.0	846.0	587.0	634.0
818	841.0	671.0	707.0	496.0	536.0
819	907.0	721.0	762.0	525.0	547.0
820	906.0	724.0	772.0	541.0	548.0
821	867.0	697.0	729.0	523.0	526.0
822	848.0	684.0	693.0	513.0	510.0
823	867.0	692.0	696.0	515.0	500.0
824	868.0	698.0	704.0	527.0	503.0
825	892.0	719.0	720.0	545.0	510.0
826	848.0	685.0	670.0	513.0	485.0
827	903.0	719.0	706.0	525.0	513.0
828	873.0	695.0	693.0	518.0	511.0
829	853.0	681.0	681.0	506.0	500.0
830	861.0	689.0	687.0	511.0	506.0
831	865.0	686.0	688.0	498.0	505.0
832	861.0	684.0	697.0	501.0	517.0
833	847.0	669.0	689.0	489.0	504.0
834	825.0	653.0	673.0	478.0	493.0
835	845.0	666.0	684.0	484.0	507.0
836	857.0	681.0	697.0	500.0	528.0
837	836.0	663.0	680.0	486.0	511.0
838	843.0	671.0	693.0	489.0	519.0
839	843.0	667.0	692.0	486.0	518.0
840	882.0	703.0	723.0	519.0	536.0
841	873.0	692.0	720.0	505.0	519.0
842	841.0	667.0	701.0	490.0	511.0
843	846.0	671.0	692.0	494.0	508.0
844	884.0	708.0	718.0	528.0	524.0
845	925.0	738.0	753.0	541.0	530.0
846	843.0	673.0	690.0	502.0	482.0
847	840.0	674.0	673.0	501.0	475.0
848	888.0	710.0	704.0	523.0	509.0
849	876.0	696.0	695.0	511.0	505.0
850	856.0	679.0	677.0	503.0	492.0
851	871.0	694.0	688.0	508.0	492.0
852	856.0	683.0	684.0	502.0	493.0
853	867.0	684.0	690.0	499.0	498.0
854	853.0	670.0	676.0	483.0	492.0
855	856.0	673.0	682.0	488.0	497.0
856	868.0	686.0	694.0	499.0	513.0
857	853.0	674.0	682.0	492.0	516.0
858	851.0	670.0	676.0	482.0	519.0
859	839.0	659.0	675.0	474.0	519.0
860	902.0	709.0	739.0	514.0	571.0
861	854.0	672.0	713.0	491.0	542.0
862	863.0	679.0	723.0	494.0	530.0
863	816.0	643.0	692.0	466.0	501.0
864	1049.0	823.0	874.0	596.0	619.0
865	864.0	688.0	721.0	512.0	510.0
866	829.0	663.0	684.0	495.0	476.0
867	876.0	697.0	708.0	515.0	489.0
868	882.0	710.0	704.0	537.0	500.0
869	885.0	713.0	691.0	532.0	496.0
870	851.0	679.0	660.0	501.0	480.0
871	845.0	673.0	657.0	498.0	480.0
872	886.0	710.0	696.0	525.0	512.0
873	846.0	670.0	667.0	487.0	491.0
874	955.0	747.0	753.0	535.0	547.0
875	830.0	652.0	665.0	470.0	481.0
876	835.0	660.0	677.0	480.0	495.0
877	862.0	678.0	699.0	490.0	506.0
878	861.0	676.0	692.0	489.0	504.0
879	822.0	647.0	659.0	468.0	489.0
880	848.0	670.0	684.0	490.0	517.0
881	868.0	687.0	700.0	500.0	528.0
882	816.0	646.0	664.0	471.0	497.0
883	845.0	664.0	689.0	480.0	500.0
884	881.0	696.0	725.0	507.0	527.0
885	896.0	705.0	735.0	512.0	530.0
886	851.0	671.0	694.0	489.0	496.0
887	837.0	662.0	680.0	486.0	483.0
888	850.0	679.0	693.0	505.0	499.0
889	904.0	719.0	721.0	530.0	520.0
890	850.0	677.0	675.0	499.0	489.0
891	871.0	691.0	691.0	502.0	494.0
892	844.0	671.0	677.0	496.0	484.0
893	844.0	672.0	677.0	493.0	480.0
894	839.0	666.0	670.0	483.0	477.0
895	896.0	703.0	706.0	506.0	505.0
896	868.0	688.0	687.0	502.0	501.0
897	857.0	675.0	676.0	490.0	491.0
898	862.0	680.0	681.0	492.0	498.0
899	856.0	674.0	674.0	485.0	494.0
900	843.0	666.0	674.0	486.0	504.0
901	852.0	668.0	682.0	481.0	511.0
902	866.0	679.0	698.0	488.0	525.0
903	836.0	654.0	676.0	472.0	511.0
904	831.0	657.0	684.0	478.0	509.0
905	911.0	713.0	751.0	516.0	540.0
906	838.0	661.0	697.0	480.0	497.0
907	841.0	662.0	690.0	481.0	482.0
908	880.0	697.0	718.0	512.0	505.0
909	877.0	694.0	707.0	510.0	490.0
910	862.0	687.0	685.0	507.0	480.0
911	867.0	690.0	677.0	509.0	478.0
912	882.0	705.0	686.0	520.0	492.0
913	851.0	673.0	658.0	493.0	474.0
914	869.0	690.0	675.0	502.0	490.0
915	821.0	648.0	638.0	464.0	466.0
916	891.0	702.0	700.0	506.0	523.0
917	879.0	687.0	696.0	491.0	520.0
918	864.0	675.0	692.0	482.0	511.0
919	830.0	647.0	672.0	461.0	486.0
920	920.0	720.0	755.0	518.0	545.0
921	831.0	651.0	682.0	468.0	495.0
922	867.0	679.0	703.0	489.0	518.0
923	827.0	650.0	671.0	467.0	498.0
924	849.0	673.0	694.0	494.0	524.0
925	850.0	674.0	689.0	493.0	517.0
926	867.0	687.0	704.0	500.0	519.0
927	827.0	651.0	677.0	471.0	489.0
928	899.0	711.0	741.0	520.0	526.0
929	885.0	698.0	728.0	510.0	506.0
930	849.0	671.0	691.0	492.0	484.0
931	857.0	676.0	683.0	494.0	479.0
932	974.0	774.0	769.0	572.0	546.0
933	869.0	693.0	680.0	511.0	482.0
934	890.0	709.0	697.0	520.0	491.0
935	841.0	667.0	651.0	486.0	459.0
936	863.0	687.0	674.0	502.0	485.0
937	851.0	668.0	662.0	483.0	476.0
938	857.0	674.0	669.0	486.0	482.0
939	839.0	658.0	655.0	473.0	471.0
940	852.0	671.0	672.0	487.0	493.0
941	857.0	670.0	675.0	481.0	496.0
942	843.0	659.0	666.0	471.0	494.0
943	828.0	644.0	658.0	459.0	500.0
944	852.0	669.0	690.0	484.0	538.0
945	860.0	672.0	698.0	485.0	535.0
946	867.0	678.0	713.0	483.0	529.0
947	837.0	655.0	705.0	470.0	508.0
948	859.0	678.0	725.0	492.0	520.0
949	888.0	698.0	737.0	504.0	516.0
950	845.0	666.0	699.0	484.0	482.0
951	878.0	694.0	716.0	511.0	489.0
952	1483.0	1161.0	1161.0	836.0	800.0
953	847.0	680.0	662.0	505.0	469.0
954	884.0	701.0	681.0	514.0	480.0
955	837.0	666.0	646.0	488.0	455.0
956	892.0	710.0	691.0	520.0	495.0
957	864.0	684.0	667.0	493.0	479.0
958	880.0	691.0	682.0	494.0	491.0
959	832.0	649.0	649.0	464.0	464.0
960	867.0	680.0	683.0	490.0	490.0
961	917.0	697.0	702.0	499.0	501.0
962	861.0	672.0	678.0	480.0	488.0
963	844.0	657.0	663.0	467.0	484.0
964	837.0	657.0	665.0	474.0	498.0
965	825.0	646.0	658.0	465.0	501.0
966	844.0	658.0	672.0	472.0	513.0
967	834.0	650.0	672.0	464.0	508.0
968	845.0	661.0	695.0	476.0	521.0
969	844.0	660.0	703.0	474.0	515.0
970	831.0	651.0	694.0	468.0	501.0
971	829.0	651.0	692.0	470.0	487.0
972	847.0	673.0	708.0	494.0	494.0
973	871.0	691.0	717.0	509.0	494.0
974	888.0	707.0	711.0	520.0	492.0
975	847.0	675.0	664.0	496.0	467.0
976	883.0	706.0	690.0	524.0	498.0
977	856.0	681.0	661.0	500.0	478.0
978	866.0	689.0	668.0	502.0	482.0
979	858.0	678.0	664.0	487.0	478.0
980	852.0	672.0	669.0	485.0	481.0
981	858.0	674.0	678.0	484.0	483.0
982	867.0	677.0	688.0	483.0	484.0
983	837.0	653.0	663.0	467.0	472.0
984	881.0	692.0	696.0	501.0	515.0
985	865.0	681.0	681.0	488.0	512.0
986	831.0	650.0	656.0	467.0	500.0
987	836.0	655.0	669.0	471.0	508.0
988	862.0	679.0	704.0	489.0	526.0
989	842.0	659.0	697.0	472.0	503.0
990	853.0	665.0	708.0	477.0	496.0
991	866.0	676.0	717.0	484.0	494.0
992	841.0	663.0	693.0	484.0	486.0
993	841.0	667.0	677.0	488.0	480.0
994	889.0	705.0	699.0	517.0	501.0
995	849.0	676.0	661.0	496.0	482.0
996	896.0	715.0	701.0	527.0	509.0
997	890.0	708.0	698.0	516.0	499.0
998	864.0	679.0	683.0	489.0	483.0
999	834.0	655.0	662.0	470.0	469.0
1000	871.0	685.0	690.0	496.0	490.0
1001	861.0	673.0	680.0	485.0	482.0
1002	847.0	665.0	669.0	479.0	476.0
1003	889.0	698.0	694.0	502.0	502.0
1004	879.0	693.0	687.0	501.0	510.0
1005	860.0	674.0	673.0	483.0	495.0
1006	849.0	665.0	672.0	478.0	491.0
1007	845.0	663.0	677.0	475.0	492.0
1008	874.0	686.0	705.0	493.0	522.0
1009	867.0	678.0	697.0	485.0	517.0
1010	885.0	690.0	714.0	496.0	518.0
1011	877.0	685.0	713.0	491.0	506.0
1012	903.0	713.0	736.0	519.0	522.0
1013	872.0	689.0	705.0	500.0	496.0
1014	877.0	687.0	700.0	495.0	491.0
1015	847.0	665.0	673.0	484.0	473.0
1016	854.0	679.0	678.0	501.0	485.0
1017	893.0	708.0	700.0	517.0	504.0
1018	881.0	695.0	685.0	503.0	498.0
1019	848.0	667.0	660.0	482.0	489.0
1020	913.0	719.0	718.0	519.0	534.0
1021	858.0	672.0	682.0	483.0	496.0
1022	880.0	688.0	709.0	491.0	497.0
1023	843.0	660.0	688.0	471.0	478.0
1024	877.0	686.0	712.0	493.0	500.0
